time	Control	Speed_rpm	
1689.88	2900	1516	
1689.89	2900	1516	
1689.9	2900	1516	
1689.91	2900	1516	
1689.92	2900	1559	
1689.93	2900	1559	
1689.94	2900	1559	
1689.95	2900	1559	
1689.96	2900	1609	
1689.97	2900	1609	
1689.98	2900	1609	
1689.99	2900	1609	
1690	2900	1609	
1690.01	2900	1660	
1690.02	2900	1660	
1690.03	2900	1660	
1690.04	2900	1660	
1690.05	2900	1660	
1690.06	2900	1703	
1690.07	2900	1703	
1690.08	2900	1703	
1690.0900000000001	2900	1703	
1690.1000000000001	2900	1703	
1690.1100000000001	2900	1703	
1690.1200000000001	2900	1765	
1690.13	2900	1765	
1690.14	2900	1765	
1690.15	2900	1765	
1690.16	2900	1814	
1690.17	2900	1814	
1690.18	2900	1814	
1690.19	2900	1814	
1690.2	2900	1814	
1690.21	2900	1814	
1690.22	2900	1863	
1690.23	2900	1863	
1690.24	2900	1863	
1690.25	2900	1863	
1690.26	2900	1907	
1690.27	2900	1907	
1690.28	2900	1907	
1690.29	2900	1907	
1690.3	2900	1907	
1690.31	2900	1907	
1690.32	2900	1967	
1690.33	2900	1967	
1690.3400000000001	2900	1967	
1690.3500000000001	2900	1967	
1690.3600000000001	2900	1967	
1690.3700000000001	2900	2000	
1690.38	2900	2000	
1690.39	2900	2000	
1690.4	2900	2000	
1690.41	2900	2000	
1690.42	2900	2053	
1690.43	2900	2053	
1690.44	2900	2053	
1690.45	2900	2053	
1690.46	2900	2127	
1690.47	2900	2127	
1690.48	2900	2127	
1690.49	2900	2127	
1690.5	2900	2127	
1690.51	2900	2162	
1690.52	2900	2162	
1690.53	2900	2162	
1690.54	2900	2162	
1690.55	2900	2162	
1690.56	2900	2162	
1690.57	2900	2213	
1690.58	2900	2213	
1690.5900000000001	2900	2213	
1690.6000000000001	2900	2213	
1690.6100000000001	2900	2270	
1690.6200000000001	2900	2270	
1690.63	2900	2270	
1690.64	2900	2270	
1690.65	2900	2270	
1690.66	2900	2270	
1690.67	2900	2310	
1690.68	2900	2310	
1690.69	2900	2310	
1690.7	2900	2310	
1690.71	2900	2310	
1690.72	2900	2382	
1690.73	2900	2382	
1690.74	2900	2382	
1690.75	2900	2382	
1690.76	2900	2382	
1690.77	2900	2413	
1690.78	2900	2413	
1690.79	2900	2413	
1690.8	2900	2413	
1690.81	2900	2449	
1690.82	2900	2449	
1690.83	2900	2449	
1690.8400000000001	2900	2449	
1690.8500000000001	2900	2449	
1690.8600000000001	2900	2462	
1690.8700000000001	2900	2462	
1690.88	2900	2462	
1690.89	2900	2462	
1690.9	2900	2462	
1690.91	2900	2462	
1690.92	2900	2514	
1690.93	2900	2514	
1690.94	2900	2514	
1690.95	2900	2514	
1690.96	2900	2524	
1690.97	2900	2524	
1690.98	2900	2524	
1690.99	2900	2524	
1691	2900	2524	
1691.01	2900	2524	
1691.02	2900	2539	
1691.03	2900	2539	
1691.04	2900	2539	
1691.05	2900	2539	
1691.06	2900	2579	
1691.07	2900	2579	
1691.08	2900	2579	
1691.0900000000001	2900	2579	
1691.1000000000001	2900	2579	
1691.1100000000001	2900	2579	
1691.1200000000001	2900	2620	
1691.13	2900	2620	
1691.14	2900	2620	
1691.15	2900	2620	
1691.16	2900	2620	
1691.17	2900	2631	
1691.18	2900	2631	
1691.19	2900	2631	
1691.2	2900	2631	
1691.21	2900	2647	
1691.22	2900	2647	
1691.23	2900	2647	
1691.24	2900	2647	
1691.25	2900	2647	
1691.26	2900	2647	
1691.27	2900	2647	
1691.28	2900	2647	
1691.29	2900	2647	
1691.3	2900	2647	
1691.31	2900	2674	
1691.32	2900	2674	
1691.33	2900	2674	
1691.3400000000001	2900	2674	
1691.3500000000001	2900	2674	
1691.3600000000001	2900	2674	
1691.3700000000001	2900	2674	
1691.38	2900	2674	
1691.39	2900	2674	
1691.4	2900	2674	
1691.41	2900	2674	
1691.42	2900	2707	
1691.43	2900	2707	
1691.44	2900	2707	
1691.45	2900	2707	
1691.46	2900	2707	
1691.47	2900	2707	
1691.48	2900	2707	
1691.49	2900	2707	
1691.5	2900	2707	
1691.51	2900	2707	
1691.52	2900	2707	
1691.53	2900	2707	
1691.54	2900	2707	
1691.55	2900	2707	
1691.56	2900	2707	
1691.57	2900	2718	
1691.58	2900	2718	
1691.5900000000001	2900	2718	
1691.6000000000001	2900	2718	
1691.6100000000001	2900	2718	
1691.6200000000001	2900	2718	
1691.63	2900	2718	
1691.64	2900	2718	
1691.65	2900	2718	
1691.66	2900	2735	
1691.67	2900	2735	
1691.68	2900	2735	
1691.69	2900	2735	
1691.7	2900	2735	
1691.71	2900	2746	
1691.72	2900	2746	
1691.73	2900	2746	
1691.74	2900	2746	
1691.75	2900	2746	
1691.76	2900	2746	
1691.77	2900	2735	
1691.78	2900	2735	
1691.79	2900	2735	
1691.8	2900	2735	
1691.81	2900	2735	
1691.82	2900	2735	
1691.83	2900	2735	
1691.8400000000001	2900	2735	
1691.8500000000001	2900	2735	
1691.8600000000001	2900	2735	
1691.8700000000001	2900	2770	
1691.88	2900	2770	
1691.89	2900	2770	
1691.9	2900	2770	
1691.91	2900	2770	
1691.92	2900	2764	
1691.93	2900	2764	
1691.94	2900	2764	
1691.95	2900	2764	
1691.96	2900	2764	
1691.97	2900	2781	
1691.98	2900	2781	
1691.99	2900	2781	
1692	2900	2781	
1692.01	2900	2752	
1692.02	2900	2752	
1692.03	2900	2752	
1692.04	2900	2752	
1692.05	2900	2752	
1692.06	2900	2776	
1692.07	2900	2776	
1692.08	2900	2776	
1692.0900000000001	2900	2776	
1692.1000000000001	2900	2776	
1692.1100000000001	2900	2776	
1692.1200000000001	2900	2776	
1692.13	2900	2776	
1692.14	2900	2776	
1692.15	2900	2776	
1692.16	2900	2764	
1692.17	2900	2764	
1692.18	2900	2764	
1692.19	2900	2764	
1692.2	2900	2764	
1692.21	2900	2764	
1692.22	2900	2764	
1692.23	2900	2764	
1692.24	2900	2764	
1692.25	2900	2764	
1692.26	2900	2764	
1692.27	2900	2781	
1692.28	2900	2781	
1692.29	2900	2781	
1692.3	2900	2781	
1692.31	2900	2764	
1692.32	2900	2764	
1692.33	2900	2764	
1692.3400000000001	2900	2764	
1692.3500000000001	2900	2764	
1692.3600000000001	2900	2764	
1692.3700000000001	2900	2781	
1692.38	2900	2781	
1692.39	2900	2781	
1692.4	2900	2781	
1692.41	2900	2781	
1692.42	2900	2781	
1692.43	2900	2781	
1692.44	2900	2781	
1692.45	2900	2781	
1692.46	2900	2776	
1692.47	2900	2776	
1692.48	1000	2776	
1692.49	1000	2776	
1692.5	1000	2776	
1692.51	1000	2776	
1692.52	1000	2781	
1692.53	1000	2781	
1692.54	1000	2781	
1692.55	1000	2781	
1692.56	1000	2781	
1692.57	1000	2793	
1692.58	1000	2793	
1692.5900000000001	1000	2793	
1692.6000000000001	1000	2793	
1692.6100000000001	1000	2793	
1692.6200000000001	1000	2781	
1692.63	1000	2781	
1692.64	1000	2781	
1692.65	1000	2781	
1692.66	1000	2799	
1692.67	1000	2799	
1692.68	1000	2799	
1692.69	1000	2799	
1692.7	1000	2799	
1692.71	1000	2781	
1692.72	1000	2781	
1692.73	1000	2781	
1692.74	1000	2781	
1692.75	1000	2781	
1692.76	1000	2764	
1692.77	1000	2764	
1692.78	1000	2764	
1692.79	1000	2764	
1692.8	1000	2764	
1692.81	1000	2764	
1692.82	1000	2718	
1692.83	1000	2718	
1692.8400000000001	1000	2718	
1692.8500000000001	1000	2718	
1692.8600000000001	1000	2718	
1692.8700000000001	1000	2718	
1692.88	1000	2718	
1692.89	1000	2718	
1692.9	1000	2718	
1692.91	1000	2718	
1692.92	1000	2718	
1692.93	1000	2718	
1692.94	1000	2718	
1692.95	1000	2718	
1692.96	1000	2718	
1692.97	1000	2674	
1692.98	1000	2674	
1692.99	1000	2674	
1693	1000	2674	
1693.01	1000	2674	
1693.02	1000	2663	
1693.03	1000	2663	
1693.04	1000	2663	
1693.05	1000	2663	
1693.06	1000	2631	
1693.07	1000	2631	
1693.08	1000	2631	
1693.0900000000001	1000	2631	
1693.1000000000001	1000	2631	
1693.1100000000001	1000	2631	
1693.1200000000001	1000	2574	
1693.13	1000	2574	
1693.14	1000	2574	
1693.15	1000	2574	
1693.16	1000	2574	
1693.17	1000	2554	
1693.18	1000	2554	
1693.19	1000	2554	
1693.2	1000	2554	
1693.21	1000	2554	
1693.22	1000	2524	
1693.23	1000	2524	
1693.24	1000	2524	
1693.25	1000	2524	
1693.26	1000	2524	
1693.27	1000	2486	
1693.28	1000	2486	
1693.29	1000	2486	
1693.3	1000	2486	
1693.31	1000	2486	
1693.32	1000	2453	
1693.33	1000	2453	
1693.3400000000001	1000	2453	
1693.3500000000001	1000	2453	
1693.3600000000001	1000	2453	
1693.3700000000001	1000	2413	
1693.38	1000	2413	
1693.39	1000	2413	
1693.4	1000	2413	
1693.41	1000	2413	
1693.42	1000	2378	
1693.43	1000	2378	
1693.44	1000	2378	
1693.45	1000	2378	
1693.46	1000	2348	
1693.47	1000	2348	
1693.48	1000	2348	
1693.49	1000	2348	
1693.5	1000	2348	
1693.51	1000	2282	
1693.52	1000	2282	
1693.53	1000	2282	
1693.54	1000	2282	
1693.55	1000	2282	
1693.56	1000	2282	
1693.57	1000	2251	
1693.58	1000	2251	
1693.5900000000001	1000	2251	
1693.6000000000001	1000	2251	
1693.6100000000001	1000	2202	
1693.6200000000001	1000	2202	
1693.63	1000	2202	
1693.64	1000	2202	
1693.65	1000	2202	
1693.66	1000	2165	
1693.67	1000	2165	
1693.68	1000	2165	
1693.69	1000	2165	
1693.7	1000	2165	
1693.71	1000	2127	
1693.72	1000	2127	
1693.73	1000	2127	
1693.74	1000	2127	
1693.75	1000	2127	
1693.76	1000	2056	
1693.77	1000	2056	
1693.78	1000	2056	
1693.79	1000	2056	
1693.8	1000	2056	
1693.81	1000	2037	
1693.82	1000	2037	
1693.83	1000	2037	
1693.8400000000001	1000	2037	
1693.8500000000001	1000	2037	
1693.8600000000001	1000	1991	
1693.8700000000001	1000	1991	
1693.88	1000	1991	
1693.89	1000	1991	
1693.9	1000	1991	
1693.91	1000	1991	
1693.92	1000	1926	
1693.93	1000	1926	
1693.94	1000	1926	
1693.95	1000	1926	
1693.96	1000	1926	
1693.97	1000	1901	
1693.98	1000	1901	
1693.99	1000	1901	
1694	1000	1901	
1694.01	1000	1848	
1694.02	1000	1848	
1694.03	1000	1848	
1694.04	1000	1848	
1694.05	1000	1848	
1694.06	1000	1848	
1694.07	1000	1794	
1694.08	1000	1794	
1694.0900000000001	1000	1794	
1694.1000000000001	1000	1794	
1694.1100000000001	1000	1794	
1694.1200000000001	1000	1740	
1694.13	1000	1740	
1694.14	1000	1740	
1694.15	1000	1740	
1694.16	1000	1697	
1694.17	1000	1697	
1694.18	1000	1697	
1694.19	1000	1697	
1694.2	1000	1697	
1694.21	1000	1697	
1694.22	1000	1664	
1694.23	1000	1664	
1694.24	1000	1664	
1694.25	1000	1664	
1694.26	1000	1609	
1694.27	1000	1609	
1694.28	1000	1609	
1694.29	1000	1609	
1694.3	1000	1609	
1694.31	1000	1550	
1694.32	1000	1550	
1694.33	1000	1550	
1694.3400000000001	1000	1550	
1694.3500000000001	1000	1550	
1694.3600000000001	1000	1504	
1694.3700000000001	1000	1504	
1694.38	1000	1504	
1694.39	1000	1504	
1694.4	1000	1504	
1694.41	1000	1504	
1694.42	1000	1454	
1694.43	1000	1454	
1694.44	1000	1454	
1694.45	1000	1454	
1694.46	1000	1405	
1694.47	1000	1405	
1694.48	1000	1405	
1694.49	1000	1405	
1694.5	1000	1405	
1694.51	1000	1370	
1694.52	1000	1370	
1694.53	1000	1370	
1694.54	1000	1370	
1694.55	1000	1370	
1694.56	1000	1370	
1694.57	1000	1348	
1694.58	1000	1348	
1694.5900000000001	1000	1348	
1694.6000000000001	1000	1348	
1694.6100000000001	1000	1306	
1694.6200000000001	1000	1306	
1694.63	1000	1306	
1694.64	1000	1306	
1694.65	1000	1306	
1694.66	1000	1269	
1694.67	1000	1269	
1694.68	1000	1269	
1694.69	1000	1269	
1694.7	1000	1269	
1694.71	1000	1269	
1694.72	1000	1256	
1694.73	1000	1256	
1694.74	1000	1256	
1694.75	1000	1256	
1694.76	1000	1256	
1694.77	1000	1216	
1694.78	1000	1216	
1694.79	1000	1216	
1694.8	1000	1216	
1694.81	1000	1207	
1694.82	1000	1207	
1694.83	1000	1207	
1694.8400000000001	1000	1207	
1694.8500000000001	1000	1207	
1694.8600000000001	1000	1176	
1694.8700000000001	1000	1176	
1694.88	1000	1176	
1694.89	1000	1176	
1694.9	1000	1176	
1694.91	1000	1176	
1694.92	1000	1165	
1694.93	1000	1165	
1694.94	1000	1165	
1694.95	1000	1165	
1694.96	1000	1165	
1694.97	1000	1136	
1694.98	1000	1136	
1694.99	1000	1136	
1695	1000	1136	
1695.01	1000	1128	
1695.02	1000	1128	
1695.03	1000	1128	
1695.04	1000	1128	
1695.05	1000	1128	
1695.06	1000	1128	
1695.07	1000	1120	
1695.08	1000	1120	
1695.0900000000001	1000	1120	
1695.1000000000001	1000	1120	
1695.1100000000001	1000	1120	
1695.1200000000001	1000	1096	
1695.13	1000	1096	
1695.14	1000	1096	
1695.15	1000	1096	
1695.16	1000	1090	
1695.17	1000	1090	
1695.18	1000	1090	
1695.19	1000	1090	
1695.2	1000	1090	
1695.21	1000	1090	
1695.22	1000	1077	
1695.23	1000	1077	
1695.24	1000	1077	
1695.25	1000	1077	
1695.26	1000	1061	
1695.27	1000	1061	
1695.28	1000	1061	
1695.29	1000	1061	
1695.3	1000	1061	
1695.31	1000	1052	
1695.32	1000	1052	
1695.33	1000	1052	
1695.3400000000001	1000	1052	
1695.3500000000001	1000	1052	
1695.3600000000001	1000	1049	
1695.3700000000001	1000	1049	
1695.38	1000	1049	
1695.39	1000	1049	
1695.4	1000	1049	
1695.41	1000	1049	
1695.42	1000	1028	
1695.43	1000	1028	
1695.44	1000	1028	
1695.45	1000	1028	
1695.46	1000	1028	
1695.47	1000	1022	
1695.48	1000	1022	
1695.49	1000	1022	
1695.5	1000	1022	
1695.51	1000	1022	
1695.52	1000	1022	
1695.53	1000	1022	
1695.54	1000	1022	
1695.55	1000	1022	
1695.56	1000	1022	
1695.57	1000	1005	
1695.58	1000	1005	
1695.5900000000001	1000	1005	
1695.6000000000001	1000	1005	
1695.6100000000001	1000	1000	
1695.6200000000001	1000	1000	
1695.63	1000	1000	
1695.64	1000	1000	
1695.65	1000	1000	
1695.66	1000	1005	
1695.67	1000	1005	
1695.68	1000	1005	
1695.69	1000	1005	
1695.7	1000	1005	
1695.71	1000	1005	
1695.72	1000	1005	
1695.73	1000	1005	
1695.74	1000	1005	
1695.75	1000	1005	
1695.76	1000	1005	
1695.77	1000	993	
1695.78	1000	993	
1695.79	1000	993	
1695.8	1000	993	
1695.81	1000	982	
1695.82	1000	982	
1695.83	1000	982	
1695.8400000000001	1000	982	
1695.8500000000001	1000	982	
1695.8600000000001	1000	980	
1695.8700000000001	1000	980	
1695.88	2900	980	
1695.89	2900	980	
1695.9	2900	980	
1695.91	2900	980	
1695.92	2900	977	
1695.93	2900	977	
1695.94	2900	977	
1695.95	2900	977	
1695.96	2900	973	
1695.97	2900	973	
1695.98	2900	973	
1695.99	2900	973	
1696	2900	973	
1696.01	2900	970	
1696.02	2900	970	
1696.03	2900	970	
1696.04	2900	970	
1696.05	2900	970	
1696.06	2900	975	
1696.07	2900	975	
1696.08	2900	975	
1696.0900000000001	2900	975	
1696.1000000000001	2900	975	
1696.1100000000001	2900	975	
1696.1200000000001	2900	993	
1696.13	2900	993	
1696.14	2900	993	
1696.15	2900	993	
1696.16	2900	993	
1696.17	2900	1001	
1696.18	2900	1001	
1696.19	2900	1001	
1696.2	2900	1001	
1696.21	2900	1001	
1696.22	2900	1014	
1696.23	2900	1014	
1696.24	2900	1014	
1696.25	2900	1014	
1696.26	2900	1026	
1696.27	2900	1026	
1696.28	2900	1026	
1696.29	2900	1026	
1696.3	2900	1026	
1696.31	2900	1026	
1696.32	2900	1067	
1696.33	2900	1067	
1696.3400000000001	2900	1067	
1696.3500000000001	2900	1067	
1696.3600000000001	2900	1067	
1696.3700000000001	2900	1093	
1696.38	2900	1093	
1696.39	2900	1093	
1696.4	2900	1093	
1696.41	2900	1093	
1696.42	2900	1117	
1696.43	2900	1117	
1696.44	2900	1117	
1696.45	2900	1117	
1696.46	2900	1149	
1696.47	2900	1149	
1696.48	2900	1149	
1696.49	2900	1149	
1696.5	2900	1149	
1696.51	2900	1184	
1696.52	2900	1184	
1696.53	2900	1184	
1696.54	2900	1184	
1696.55	2900	1184	
1696.56	2900	1228	
1696.57	2900	1228	
1696.58	2900	1228	
1696.5900000000001	2900	1228	
1696.6000000000001	2900	1228	
1696.6100000000001	2900	1257	
1696.6200000000001	2900	1257	
1696.63	2900	1257	
1696.64	2900	1257	
1696.65	2900	1257	
1696.66	2900	1257	
1696.67	2900	1302	
1696.68	2900	1302	
1696.69	2900	1302	
1696.7	2900	1302	
1696.71	2900	1302	
1696.72	2900	1349	
1696.73	2900	1349	
1696.74	2900	1349	
1696.75	2900	1349	
1696.76	2900	1349	
1696.77	2900	1374	
1696.78	2900	1374	
1696.79	2900	1374	
1696.8	2900	1374	
1696.81	2900	1374	
1696.82	2900	1425	
1696.83	2900	1425	
1696.8400000000001	2900	1425	
1696.8500000000001	2900	1425	
1696.8600000000001	2900	1475	
1696.8700000000001	2900	1475	
1696.88	2900	1475	
1696.89	2900	1475	
1696.9	2900	1475	
1696.91	2900	1475	
1696.92	2900	1520	
1696.93	2900	1520	
1696.94	2900	1520	
1696.95	2900	1520	
1696.96	2900	1569	
1696.97	2900	1569	
1696.98	2900	1569	
1696.99	2900	1569	
1697	2900	1569	
1697.01	2900	1609	
1697.02	2900	1609	
1697.03	2900	1609	
1697.04	2900	1609	
1697.05	2900	1609	
1697.06	2900	1609	
1697.07	2900	1660	
1697.08	2900	1660	
1697.0900000000001	2900	1660	
1697.1000000000001	2900	1660	
1697.1100000000001	2900	1660	
1697.1200000000001	2900	1703	
1697.13	2900	1703	
1697.14	2900	1703	
1697.15	2900	1703	
1697.16	2900	1703	
1697.17	2900	1751	
1697.18	2900	1751	
1697.19	2900	1751	
1697.2	2900	1751	
1697.21	2900	1822	
1697.22	2900	1822	
1697.23	2900	1822	
1697.24	2900	1822	
1697.25	2900	1822	
1697.26	2900	1863	
1697.27	2900	1863	
1697.28	2900	1863	
1697.29	2900	1863	
1697.3	2900	1863	
1697.31	2900	1863	
1697.32	2900	1898	
1697.33	2900	1898	
1697.3400000000001	2900	1898	
1697.3500000000001	2900	1898	
1697.3600000000001	2900	1898	
1697.3700000000001	2900	1976	
1697.38	2900	1976	
1697.39	2900	1976	
1697.4	2900	1976	
1697.41	2900	1976	
1697.42	2900	1997	
1697.43	2900	1997	
1697.44	2900	1997	
1697.45	2900	1997	
1697.46	2900	2056	
1697.47	2900	2056	
1697.48	2900	2056	
1697.49	2900	2056	
1697.5	2900	2056	
1697.51	2900	2056	
1697.52	2900	2093	
1697.53	2900	2093	
1697.54	2900	2093	
1697.55	2900	2093	
1697.56	2900	2093	
1697.57	2900	2162	
1697.58	2900	2162	
1697.5900000000001	2900	2162	
1697.6000000000001	2900	2162	
1697.6100000000001	2900	2228	
1697.6200000000001	2900	2228	
1697.63	2900	2228	
1697.64	2900	2228	
1697.65	2900	2228	
1697.66	2900	2274	
1697.67	2900	2274	
1697.68	2900	2274	
1697.69	2900	2274	
1697.7	2900	2274	
1697.71	2900	2274	
1697.72	2900	2294	
1697.73	2900	2294	
1697.74	2900	2294	
1697.75	2900	2294	
1697.76	2900	2356	
1697.77	2900	2356	
1697.78	2900	2356	
1697.79	2900	2356	
1697.8	2900	2356	
1697.81	2900	2404	
1697.82	2900	2404	
1697.83	2900	2404	
1697.8400000000001	2900	2404	
1697.8500000000001	2900	2404	
1697.8600000000001	2900	2430	
1697.8700000000001	2900	2430	
1697.88	2900	2430	
1697.89	2900	2430	
1697.9	2900	2430	
1697.91	2900	2430	
1697.92	2900	2462	
1697.93	2900	2462	
1697.94	2900	2462	
1697.95	2900	2462	
1697.96	2900	2500	
1697.97	2900	2500	
1697.98	2900	2500	
1697.99	2900	2500	
1698	2900	2500	
1698.01	2900	2524	
1698.02	2900	2524	
1698.03	2900	2524	
1698.04	2900	2524	
1698.05	2900	2524	
1698.06	2900	2524	
1698.07	2900	2554	
1698.08	2900	2554	
1698.0900000000001	2900	2554	
1698.1000000000001	2900	2554	
1698.1100000000001	2900	2554	
1698.1200000000001	2900	2564	
1698.13	2900	2564	
1698.14	2900	2564	
1698.15	2900	2564	
1698.16	2900	2564	
1698.17	2900	2579	
1698.18	2900	2579	
1698.19	2900	2579	
1698.2	2900	2579	
1698.21	2900	2579	
1698.22	2900	2620	
1698.23	2900	2620	
1698.24	2900	2620	
1698.25	2900	2620	
1698.26	2900	2631	
1698.27	2900	2631	
1698.28	2900	2631	
1698.29	2900	2631	
1698.3	2900	2631	
1698.31	2900	2636	
1698.32	2900	2636	
1698.33	2900	2636	
1698.3400000000001	2900	2636	
1698.3500000000001	2900	2636	
1698.3600000000001	2900	2663	
1698.3700000000001	2900	2663	
1698.38	2900	2663	
1698.39	2900	2663	
1698.4	2900	2663	
1698.41	2900	2663	
1698.42	2900	2674	
1698.43	2900	2674	
1698.44	2900	2674	
1698.45	2900	2674	
1698.46	2900	2674	
1698.47	2900	2674	
1698.48	2900	2674	
1698.49	2900	2674	
1698.5	2900	2674	
1698.51	2900	2701	
1698.52	2900	2701	
1698.53	2900	2701	
1698.54	2900	2701	
1698.55	2900	2701	
1698.56	2900	2701	
1698.57	2900	2690	
1698.58	2900	2690	
1698.5900000000001	2900	2690	
1698.6000000000001	2900	2690	
1698.6100000000001	2900	2701	
1698.6200000000001	2900	2701	
1698.63	2900	2701	
1698.64	2900	2701	
1698.65	2900	2701	
1698.66	2900	2735	
1698.67	2900	2735	
1698.68	2900	2735	
1698.69	2900	2735	
1698.7	2900	2735	
1698.71	2900	2735	
1698.72	2900	2724	
1698.73	2900	2724	
1698.74	2900	2724	
1698.75	2900	2724	
1698.76	2900	2746	
1698.77	2900	2746	
1698.78	2900	2746	
1698.79	2900	2746	
1698.8	2900	2746	
1698.81	2900	2752	
1698.82	2900	2752	
1698.83	2900	2752	
1698.8400000000001	2900	2752	
1698.8500000000001	2900	2752	
1698.8600000000001	2900	2718	
1698.8700000000001	2900	2718	
1698.88	2900	2718	
1698.89	2900	2718	
1698.9	2900	2718	
1698.91	2900	2718	
1698.92	2900	2764	
1698.93	2900	2764	
1698.94	2900	2764	
1698.95	2900	2764	
1698.96	2900	2729	
1698.97	2900	2729	
1698.98	2900	2729	
1698.99	2900	2729	
1699	2900	2729	
1699.01	2900	2764	
1699.02	2900	2764	
1699.03	2900	2764	
1699.04	1000	2764	
1699.05	1000	2764	
1699.06	1000	2764	
1699.07	1000	2764	
1699.08	1000	2764	
1699.0900000000001	1000	2764	
1699.1000000000001	1000	2764	
1699.1100000000001	1000	2764	
1699.1200000000001	1000	2764	
1699.13	1000	2764	
1699.14	1000	2764	
1699.15	1000	2764	
1699.16	1000	2764	
1699.17	1000	2764	
1699.18	1000	2764	
1699.19	1000	2764	
1699.2	1000	2764	
1699.21	1000	2764	
1699.22	1000	2729	
1699.23	1000	2729	
1699.24	1000	2729	
1699.25	1000	2729	
1699.26	1000	2729	
1699.27	1000	2781	
1699.28	1000	2781	
1699.29	1000	2781	
1699.3	1000	2781	
1699.31	1000	2735	
1699.32	1000	2735	
1699.33	1000	2735	
1699.3400000000001	1000	2735	
1699.3500000000001	1000	2735	
1699.3600000000001	1000	2735	
1699.3700000000001	1000	2735	
1699.38	1000	2735	
1699.39	1000	2735	
1699.4	1000	2735	
1699.41	1000	2735	
1699.42	1000	2718	
1699.43	1000	2718	
1699.44	1000	2718	
1699.45	1000	2718	
1699.46	1000	2718	
1699.47	1000	2718	
1699.48	1000	2718	
1699.49	1000	2718	
1699.5	1000	2718	
1699.51	1000	2679	
1699.52	1000	2679	
1699.53	1000	2679	
1699.54	1000	2679	
1699.55	1000	2679	
1699.56	1000	2631	
1699.57	1000	2631	
1699.58	1000	2631	
1699.5900000000001	1000	2631	
1699.6000000000001	1000	2631	
1699.6100000000001	1000	2647	
1699.6200000000001	1000	2647	
1699.63	1000	2647	
1699.64	1000	2647	
1699.65	1000	2647	
1699.66	1000	2631	
1699.67	1000	2631	
1699.68	1000	2631	
1699.69	1000	2631	
1699.7	1000	2631	
1699.71	1000	2631	
1699.72	1000	2569	
1699.73	1000	2569	
1699.74	1000	2569	
1699.75	1000	2569	
1699.76	1000	2569	
1699.77	1000	2539	
1699.78	1000	2539	
1699.79	1000	2539	
1699.8	1000	2539	
1699.81	1000	2539	
1699.82	1000	2524	
1699.83	1000	2524	
1699.8400000000001	1000	2524	
1699.8500000000001	1000	2524	
1699.8600000000001	1000	2524	
1699.8700000000001	1000	2491	
1699.88	1000	2491	
1699.89	1000	2491	
1699.9	1000	2491	
1699.91	1000	2491	
1699.92	1000	2449	
1699.93	1000	2449	
1699.94	1000	2449	
1699.95	1000	2449	
1699.96	1000	2449	
1699.97	1000	2417	
1699.98	1000	2417	
1699.99	1000	2417	
1700	1000	2417	
1700.01	1000	2417	
1700.02	1000	2369	
1700.03	1000	2369	
1700.04	1000	2369	
1700.05	1000	2369	
1700.06	1000	2323	
1700.07	1000	2323	
1700.08	1000	2323	
1700.0900000000001	1000	2323	
1700.1000000000001	1000	2323	
1700.1100000000001	1000	2323	
1700.1200000000001	1000	2302	
1700.13	1000	2302	
1700.14	1000	2302	
1700.15	1000	2302	
1700.16	1000	2232	
1700.17	1000	2232	
1700.18	1000	2232	
1700.19	1000	2232	
1700.2	1000	2232	
1700.21	1000	2194	
1700.22	1000	2194	
1700.23	1000	2194	
1700.24	1000	2194	
1700.25	1000	2194	
1700.26	1000	2183	
1700.27	1000	2183	
1700.28	1000	2183	
1700.29	1000	2183	
1700.3	1000	2183	
1700.31	1000	2183	
1700.32	1000	2116	
1700.33	1000	2116	
1700.3400000000001	1000	2116	
1700.3500000000001	1000	2116	
1700.3600000000001	1000	2116	
1700.3700000000001	1000	2056	
1700.38	1000	2056	
1700.39	1000	2056	
1700.4	1000	2056	
1700.41	1000	2056	
1700.42	1000	2040	
1700.43	1000	2040	
1700.44	1000	2040	
1700.45	1000	2040	
1700.46	1000	1976	
1700.47	1000	1976	
1700.48	1000	1976	
1700.49	1000	1976	
1700.5	1000	1976	
1700.51	1000	1935	
1700.52	1000	1935	
1700.53	1000	1935	
1700.54	1000	1935	
1700.55	1000	1935	
1700.56	1000	1890	
1700.57	1000	1890	
1700.58	1000	1890	
1700.5900000000001	1000	1890	
1700.6000000000001	1000	1890	
1700.6100000000001	1000	1835	
1700.6200000000001	1000	1835	
1700.63	1000	1835	
1700.64	1000	1835	
1700.65	1000	1835	
1700.66	1000	1790	
1700.67	1000	1790	
1700.68	1000	1790	
1700.69	1000	1790	
1700.7	1000	1790	
1700.71	1000	1740	
1700.72	1000	1740	
1700.73	1000	1740	
1700.74	1000	1740	
1700.75	1000	1740	
1700.76	1000	1740	
1700.77	1000	1699	
1700.78	1000	1699	
1700.79	1000	1699	
1700.8	1000	1699	
1700.81	1000	1652	
1700.82	1000	1652	
1700.83	1000	1652	
1700.8400000000001	1000	1652	
1700.8500000000001	1000	1652	
1700.8600000000001	1000	1652	
1700.8700000000001	1000	1603	
1700.88	1000	1603	
1700.89	1000	1603	
1700.9	1000	1603	
1700.91	1000	1603	
1700.92	1000	1550	
1700.93	1000	1550	
1700.94	1000	1550	
1700.95	1000	1550	
1700.96	1000	1499	
1700.97	1000	1499	
1700.98	1000	1499	
1700.99	1000	1499	
1701	1000	1499	
1701.01	1000	1499	
1701.02	1000	1464	
1701.03	1000	1464	
1701.04	1000	1464	
1701.05	1000	1464	
1701.06	1000	1413	
1701.07	1000	1413	
1701.08	1000	1413	
1701.0900000000001	1000	1413	
1701.1000000000001	1000	1413	
1701.1100000000001	1000	1413	
1701.1200000000001	1000	1366	
1701.13	1000	1366	
1701.14	1000	1366	
1701.15	1000	1366	
1701.16	1000	1343	
1701.17	1000	1343	
1701.18	1000	1343	
1701.19	1000	1343	
1701.2	1000	1343	
1701.21	1000	1343	
1701.22	1000	1343	
1701.23	1000	1306	
1701.24	1000	1306	
1701.25	1000	1306	
1701.26	1000	1267	
1701.27	1000	1267	
1701.28	1000	1267	
1701.29	1000	1267	
1701.3	1000	1267	
1701.31	1000	1257	
1701.32	1000	1257	
1701.33	1000	1257	
1701.3400000000001	1000	1257	
1701.3500000000001	1000	1257	
1701.3600000000001	1000	1257	
1701.3700000000001	1000	1216	
1701.38	1000	1216	
1701.39	1000	1216	
1701.4	1000	1216	
1701.41	1000	1216	
1701.42	1000	1207	
1701.43	1000	1207	
1701.44	1000	1207	
1701.45	1000	1207	
1701.46	1000	1174	
1701.47	1000	1174	
1701.48	1000	1174	
1701.49	1000	1174	
1701.5	1000	1174	
1701.51	1000	1174	
1701.52	1000	1159	
1701.53	1000	1159	
1701.54	1000	1159	
1701.55	1000	1159	
1701.56	1000	1159	
1701.57	1000	1142	
1701.58	1000	1142	
1701.5900000000001	1000	1142	
1701.6000000000001	1000	1142	
1701.6100000000001	1000	1133	
1701.6200000000001	1000	1133	
1701.63	1000	1133	
1701.64	1000	1133	
1701.65	1000	1133	
1701.66	1000	1118	
1701.67	1000	1118	
1701.68	1000	1118	
1701.69	1000	1118	
1701.7	1000	1118	
1701.71	1000	1099	
1701.72	1000	1099	
1701.73	1000	1099	
1701.74	1000	1099	
1701.75	1000	1099	
1701.76	1000	1091	
1701.77	1000	1091	
1701.78	1000	1091	
1701.79	1000	1091	
1701.8	1000	1091	
1701.81	1000	1091	
1701.82	1000	1080	
1701.83	1000	1080	
1701.8400000000001	1000	1080	
1701.8500000000001	1000	1080	
1701.8600000000001	1000	1080	
1701.8700000000001	1000	1058	
1701.88	1000	1058	
1701.89	1000	1058	
1701.9	1000	1058	
1701.91	1000	1058	
1701.92	1000	1049	
1701.93	1000	1049	
1701.94	1000	1049	
1701.95	1000	1049	
1701.96	1000	1049	
1701.97	1000	1047	
1701.98	1000	1047	
1701.99	1000	1047	
1702	1000	1047	
1702.01	2900	1028	
1702.02	2900	1028	
1702.03	2900	1028	
1702.04	2900	1028	
1702.05	2900	1028	
1702.06	2900	1026	
1702.07	2900	1026	
1702.08	2900	1026	
1702.0900000000001	2900	1026	
1702.1000000000001	2900	1026	
1702.1100000000001	2900	1026	
1702.1200000000001	2900	1026	
1702.13	2900	1026	
1702.14	2900	1026	
1702.15	2900	1026	
1702.16	2900	1026	
1702.17	2900	1020	
1702.18	2900	1020	
1702.19	2900	1020	
1702.2	2900	1020	
1702.21	2900	1020	
1702.22	2900	1013	
1702.23	2900	1013	
1702.24	2900	1013	
1702.25	2900	1013	
1702.26	2900	1013	
1702.27	2900	1030	
1702.28	2900	1030	
1702.29	2900	1030	
1702.3	2900	1030	
1702.31	2900	1036	
1702.32	2900	1036	
1702.33	2900	1036	
1702.3400000000001	2900	1036	
1702.3500000000001	2900	1036	
1702.3600000000001	2900	1043	
1702.3700000000001	2900	1043	
1702.38	2900	1043	
1702.39	2900	1043	
1702.4	2900	1043	
1702.41	2900	1043	
1702.42	2900	1059	
1702.43	2900	1059	
1702.44	2900	1059	
1702.45	2900	1059	
1702.46	2900	1091	
1702.47	2900	1091	
1702.48	2900	1091	
1702.49	2900	1091	
1702.5	2900	1091	
1702.51	2900	1108	
1702.52	2900	1108	
1702.53	2900	1108	
1702.54	2900	1108	
1702.55	2900	1108	
1702.56	2900	1108	
1702.57	2900	1144	
1702.58	2900	1144	
1702.5900000000001	2900	1144	
1702.6000000000001	2900	1144	
1702.6100000000001	2900	1167	
1702.6200000000001	2900	1167	
1702.63	2900	1167	
1702.64	2900	1167	
1702.65	2900	1167	
1702.66	2900	1210	
1702.67	2900	1210	
1702.68	2900	1210	
1702.69	2900	1210	
1702.7	2900	1210	
1702.71	2900	1210	
1702.72	2900	1244	
1702.73	2900	1244	
1702.74	2900	1244	
1702.75	2900	1244	
1702.76	2900	1244	
1702.77	2900	1282	
1702.78	2900	1282	
1702.79	2900	1282	
1702.8	2900	1282	
1702.81	2900	1310	
1702.82	2900	1310	
1702.83	2900	1310	
1702.8400000000001	2900	1310	
1702.8500000000001	2900	1310	
1702.8600000000001	2900	1360	
1702.8700000000001	2900	1360	
1702.88	2900	1360	
1702.89	2900	1360	
1702.9	2900	1360	
1702.91	2900	1360	
1702.92	2900	1401	
1702.93	2900	1401	
1702.94	2900	1401	
1702.95	2900	1401	
1702.96	2900	1454	
1702.97	2900	1454	
1702.98	2900	1454	
1702.99	2900	1454	
1703	2900	1454	
1703.01	2900	1473	
1703.02	2900	1473	
1703.03	2900	1473	
1703.04	2900	1473	
1703.05	2900	1473	
1703.06	2900	1473	
1703.07	2900	1521	
1703.08	2900	1521	
1703.0900000000001	2900	1521	
1703.1000000000001	2900	1521	
1703.1100000000001	2900	1569	
1703.1200000000001	2900	1569	
1703.13	2900	1569	
1703.14	2900	1569	
1703.15	2900	1569	
1703.16	2900	1605	
1703.17	2900	1605	
1703.18	2900	1605	
1703.19	2900	1605	
1703.2	2900	1605	
1703.21	2900	1605	
1703.22	2900	1664	
1703.23	2900	1664	
1703.24	2900	1664	
1703.25	2900	1664	
1703.26	2900	1728	
1703.27	2900	1728	
1703.28	2900	1728	
1703.29	2900	1728	
1703.3	2900	1728	
1703.31	2900	1770	
1703.32	2900	1770	
1703.33	2900	1770	
1703.3400000000001	2900	1770	
1703.3500000000001	2900	1770	
1703.3600000000001	2900	1814	
1703.3700000000001	2900	1814	
1703.38	2900	1814	
1703.39	2900	1814	
1703.4	2900	1814	
1703.41	2900	1814	
1703.42	2900	1855	
1703.43	2900	1855	
1703.44	2900	1855	
1703.45	2900	1855	
1703.46	2900	1855	
1703.47	2900	1921	
1703.48	2900	1921	
1703.49	2900	1921	
1703.5	2900	1921	
1703.51	2900	1949	
1703.52	2900	1949	
1703.53	2900	1949	
1703.54	2900	1949	
1703.55	2900	1949	
1703.56	2900	1949	
1703.57	2900	2025	
1703.58	2900	2025	
1703.5900000000001	2900	2025	
1703.6000000000001	2900	2025	
1703.6100000000001	2900	2047	
1703.6200000000001	2900	2047	
1703.63	2900	2047	
1703.64	2900	2047	
1703.65	2900	2047	
1703.66	2900	2047	
1703.67	2900	2127	
1703.68	2900	2127	
1703.69	2900	2127	
1703.7	2900	2127	
1703.71	2900	2155	
1703.72	2900	2155	
1703.73	2900	2155	
1703.74	2900	2155	
1703.75	2900	2155	
1703.76	2900	2202	
1703.77	2900	2202	
1703.78	2900	2202	
1703.79	2900	2202	
1703.8	2900	2202	
1703.81	2900	2259	
1703.82	2900	2259	
1703.83	2900	2259	
1703.8400000000001	2900	2259	
1703.8500000000001	2900	2259	
1703.8600000000001	2900	2327	
1703.8700000000001	2900	2327	
1703.88	2900	2327	
1703.89	2900	2327	
1703.9	2900	2327	
1703.91	2900	2327	
1703.92	2900	2356	
1703.93	2900	2356	
1703.94	2900	2356	
1703.95	2900	2356	
1703.96	2900	2417	
1703.97	2900	2417	
1703.98	2900	2417	
1703.99	2900	2417	
1704	2900	2417	
1704.01	2900	2453	
1704.02	2900	2453	
1704.03	2900	2453	
1704.04	2900	2453	
1704.05	2900	2453	
1704.06	2900	2453	
1704.07	2900	2476	
1704.08	2900	2476	
1704.0900000000001	2900	2476	
1704.1000000000001	2900	2476	
1704.1100000000001	2900	2476	
1704.1200000000001	2900	2486	
1704.13	2900	2486	
1704.14	2900	2486	
1704.15	2900	2486	
1704.16	2900	2486	
1704.17	2900	2514	
1704.18	2900	2514	
1704.19	2900	2514	
1704.2	2900	2514	
1704.21	2900	2514	
1704.22	2900	2539	
1704.23	2900	2539	
1704.24	2900	2539	
1704.25	2900	2539	
1704.26	2900	2589	
1704.27	2900	2589	
1704.28	2900	2589	
1704.29	2900	2589	
1704.3	2900	2589	
1704.31	2900	2620	
1704.32	2900	2620	
1704.33	2900	2620	
1704.3400000000001	2900	2620	
1704.3500000000001	2900	2620	
1704.3600000000001	2900	2636	
1704.3700000000001	2900	2636	
1704.38	2900	2636	
1704.39	2900	2636	
1704.4	2900	2636	
1704.41	2900	2636	
1704.42	2900	2620	
1704.43	2900	2620	
1704.44	2900	2620	
1704.45	2900	2620	
1704.46	2900	2663	
1704.47	2900	2663	
1704.48	2900	2663	
1704.49	2900	2663	
1704.5	2900	2663	
1704.51	2900	2663	
1704.52	2900	2663	
1704.53	2900	2663	
1704.54	2900	2663	
1704.55	2900	2663	
1704.56	2900	2663	
1704.57	2900	2663	
1704.58	2900	2663	
1704.5900000000001	2900	2663	
1704.6000000000001	2900	2663	
1704.6100000000001	2900	2690	
1704.6200000000001	2900	2690	
1704.63	2900	2690	
1704.64	2900	2690	
1704.65	2900	2690	
1704.66	2900	2679	
1704.67	2900	2679	
1704.68	2900	2679	
1704.69	2900	2679	
1704.7	2900	2679	
1704.71	2900	2690	
1704.72	2900	2690	
1704.73	2900	2690	
1704.74	2900	2690	
1704.75	2900	2690	
1704.76	2900	2690	
1704.77	2900	2718	
1704.78	2900	2718	
1704.79	2900	2718	
1704.8	2900	2718	
1704.81	2900	2718	
1704.82	1000	2724	
1704.83	1000	2724	
1704.8400000000001	1000	2724	
1704.8500000000001	1000	2724	
1704.8600000000001	1000	2735	
1704.8700000000001	1000	2735	
1704.88	1000	2735	
1704.89	1000	2735	
1704.9	1000	2735	
1704.91	1000	2735	
1704.92	1000	2718	
1704.93	1000	2718	
1704.94	1000	2718	
1704.95	1000	2718	
1704.96	1000	2752	
1704.97	1000	2752	
1704.98	1000	2752	
1704.99	1000	2752	
1705	1000	2752	
1705.01	1000	2752	
1705.02	1000	2752	
1705.03	1000	2752	
1705.04	1000	2752	
1705.05	1000	2752	
1705.06	1000	2752	
1705.07	1000	2735	
1705.08	1000	2735	
1705.0900000000001	1000	2735	
1705.1000000000001	1000	2735	
1705.1100000000001	1000	2718	
1705.1200000000001	1000	2718	
1705.13	1000	2718	
1705.14	1000	2718	
1705.15	1000	2718	
1705.16	1000	2718	
1705.17	1000	2674	
1705.18	1000	2674	
1705.19	1000	2674	
1705.2	1000	2674	
1705.21	1000	2674	
1705.22	1000	2701	
1705.23	1000	2701	
1705.24	1000	2701	
1705.25	1000	2701	
1705.26	1000	2701	
1705.27	1000	2663	
1705.28	1000	2663	
1705.29	1000	2663	
1705.3	1000	2663	
1705.31	1000	2657	
1705.32	1000	2657	
1705.33	1000	2657	
1705.3400000000001	1000	2657	
1705.3500000000001	1000	2657	
1705.3600000000001	1000	2620	
1705.3700000000001	1000	2620	
1705.38	1000	2620	
1705.39	1000	2620	
1705.4	1000	2620	
1705.41	1000	2620	
1705.42	1000	2610	
1705.43	1000	2610	
1705.44	1000	2610	
1705.45	1000	2610	
1705.46	1000	2610	
1705.47	1000	2564	
1705.48	1000	2564	
1705.49	1000	2564	
1705.5	1000	2564	
1705.51	1000	2539	
1705.52	1000	2539	
1705.53	1000	2539	
1705.54	1000	2539	
1705.55	1000	2539	
1705.56	1000	2539	
1705.57	1000	2491	
1705.58	1000	2491	
1705.5900000000001	1000	2491	
1705.6000000000001	1000	2491	
1705.6100000000001	1000	2449	
1705.6200000000001	1000	2449	
1705.63	1000	2449	
1705.64	1000	2449	
1705.65	1000	2449	
1705.66	1000	2440	
1705.67	1000	2440	
1705.68	1000	2440	
1705.69	1000	2440	
1705.7	1000	2440	
1705.71	1000	2440	
1705.72	1000	2404	
1705.73	1000	2404	
1705.74	1000	2404	
1705.75	1000	2404	
1705.76	1000	2404	
1705.77	1000	2373	
1705.78	1000	2373	
1705.79	1000	2373	
1705.8	1000	2373	
1705.81	1000	2335	
1705.82	1000	2335	
1705.83	1000	2335	
1705.8400000000001	1000	2335	
1705.8500000000001	1000	2335	
1705.8600000000001	1000	2282	
1705.8700000000001	1000	2282	
1705.88	1000	2282	
1705.89	1000	2282	
1705.9	1000	2282	
1705.91	1000	2282	
1705.92	1000	2220	
1705.93	1000	2220	
1705.94	1000	2220	
1705.95	1000	2220	
1705.96	1000	2220	
1705.97	1000	2202	
1705.98	1000	2202	
1705.99	1000	2202	
1706	1000	2202	
1706.01	1000	2165	
1706.02	1000	2165	
1706.03	1000	2165	
1706.04	1000	2165	
1706.05	1000	2165	
1706.06	1000	2116	
1706.07	1000	2116	
1706.08	1000	2116	
1706.0900000000001	1000	2116	
1706.1000000000001	1000	2116	
1706.1100000000001	1000	2093	
1706.1200000000001	1000	2093	
1706.13	1000	2093	
1706.14	1000	2093	
1706.15	1000	2093	
1706.16	1000	2031	
1706.17	1000	2031	
1706.18	1000	2031	
1706.19	1000	2031	
1706.2	1000	2031	
1706.21	1000	2031	
1706.22	1000	2000	
1706.23	1000	2000	
1706.24	1000	2000	
1706.25	1000	2000	
1706.26	1000	2000	
1706.27	1000	1944	
1706.28	1000	1944	
1706.29	1000	1944	
1706.3	1000	1944	
1706.31	1000	1944	
1706.32	1000	1890	
1706.33	1000	1890	
1706.3400000000001	1000	1890	
1706.3500000000001	1000	1890	
1706.3600000000001	1000	1855	
1706.3700000000001	1000	1855	
1706.38	1000	1855	
1706.39	1000	1855	
1706.4	1000	1855	
1706.41	1000	1855	
1706.42	1000	1790	
1706.43	1000	1790	
1706.44	1000	1790	
1706.45	1000	1790	
1706.46	1000	1740	
1706.47	1000	1740	
1706.48	1000	1740	
1706.49	1000	1740	
1706.5	1000	1740	
1706.51	1000	1686	
1706.52	1000	1686	
1706.53	1000	1686	
1706.54	1000	1686	
1706.55	1000	1686	
1706.56	1000	1686	
1706.57	1000	1686	
1706.58	1000	1648	
1706.5900000000001	1000	1648	
1706.6000000000001	1000	1648	
1706.6100000000001	1000	1595	
1706.6200000000001	1000	1595	
1706.63	1000	1595	
1706.64	1000	1595	
1706.65	1000	1595	
1706.66	1000	1541	
1706.67	1000	1541	
1706.68	1000	1541	
1706.69	1000	1541	
1706.7	1000	1541	
1706.71	1000	1490	
1706.72	1000	1490	
1706.73	1000	1490	
1706.74	1000	1490	
1706.75	1000	1490	
1706.76	1000	1441	
1706.77	1000	1441	
1706.78	1000	1441	
1706.79	1000	1441	
1706.8	1000	1441	
1706.81	1000	1405	
1706.82	1000	1405	
1706.83	1000	1405	
1706.8400000000001	1000	1405	
1706.8500000000001	1000	1405	
1706.8600000000001	1000	1383	
1706.8700000000001	1000	1383	
1706.88	1000	1383	
1706.89	1000	1383	
1706.9	1000	1383	
1706.91	1000	1383	
1706.92	1000	1338	
1706.93	1000	1338	
1706.94	1000	1338	
1706.95	1000	1338	
1706.96	1000	1296	
1706.97	1000	1296	
1706.98	1000	1296	
1706.99	1000	1296	
1707	1000	1296	
1707.01	1000	1279	
1707.02	1000	1279	
1707.03	1000	1279	
1707.04	1000	1279	
1707.05	1000	1279	
1707.06	1000	1279	
1707.07	1000	1247	
1707.08	1000	1247	
1707.0900000000001	1000	1247	
1707.1000000000001	1000	1247	
1707.1100000000001	1000	1229	
1707.1200000000001	1000	1229	
1707.13	1000	1229	
1707.14	1000	1229	
1707.15	1000	1229	
1707.16	1000	1202	
1707.17	1000	1202	
1707.18	1000	1202	
1707.19	1000	1202	
1707.2	1000	1202	
1707.21	1000	1202	
1707.22	1000	1193	
1707.23	1000	1193	
1707.24	1000	1193	
1707.25	1000	1193	
1707.26	1000	1167	
1707.27	1000	1167	
1707.28	1000	1167	
1707.29	1000	1167	
1707.3	1000	1167	
1707.31	1000	1149	
1707.32	1000	1149	
1707.33	1000	1149	
1707.3400000000001	1000	1149	
1707.3500000000001	1000	1149	
1707.3600000000001	1000	1123	
1707.3700000000001	1000	1123	
1707.38	1000	1123	
1707.39	1000	1123	
1707.4	1000	1123	
1707.41	1000	1123	
1707.42	1000	1116	
1707.43	1000	1116	
1707.44	1000	1116	
1707.45	1000	1116	
1707.46	1000	1102	
1707.47	1000	1102	
1707.48	1000	1102	
1707.49	2900	1102	
1707.5	2900	1102	
1707.51	2900	1102	
1707.52	2900	1080	
1707.53	2900	1080	
1707.54	2900	1080	
1707.55	2900	1080	
1707.56	2900	1077	
1707.57	2900	1077	
1707.58	2900	1077	
1707.5900000000001	2900	1077	
1707.6000000000001	2900	1077	
1707.6100000000001	2900	1067	
1707.6200000000001	2900	1067	
1707.63	2900	1067	
1707.64	2900	1067	
1707.65	2900	1067	
1707.66	2900	1056	
1707.67	2900	1056	
1707.68	2900	1056	
1707.69	2900	1056	
1707.7	2900	1056	
1707.71	2900	1056	
1707.72	2900	1059	
1707.73	2900	1059	
1707.74	2900	1059	
1707.75	2900	1059	
1707.76	2900	1059	
1707.77	2900	1063	
1707.78	2900	1063	
1707.79	2900	1063	
1707.8	2900	1063	
1707.81	2900	1058	
1707.82	2900	1058	
1707.83	2900	1058	
1707.8400000000001	2900	1058	
1707.8500000000001	2900	1058	
1707.8600000000001	2900	1058	
1707.8700000000001	2900	1086	
1707.88	2900	1086	
1707.89	2900	1086	
1707.9	2900	1086	
1707.91	2900	1086	
1707.92	2900	1096	
1707.93	2900	1096	
1707.94	2900	1096	
1707.95	2900	1096	
1707.96	2900	1096	
1707.97	2900	1111	
1707.98	2900	1111	
1707.99	2900	1111	
1708	2900	1111	
1708.01	2900	1141	
1708.02	2900	1141	
1708.03	2900	1141	
1708.04	2900	1141	
1708.05	2900	1141	
1708.06	2900	1159	
1708.07	2900	1159	
1708.08	2900	1159	
1708.0900000000001	2900	1159	
1708.1000000000001	2900	1159	
1708.1100000000001	2900	1202	
1708.1200000000001	2900	1202	
1708.13	2900	1202	
1708.14	2900	1202	
1708.15	2900	1202	
1708.16	2900	1225	
1708.17	2900	1225	
1708.18	2900	1225	
1708.19	2900	1225	
1708.2	2900	1225	
1708.21	2900	1225	
1708.22	2900	1263	
1708.23	2900	1263	
1708.24	2900	1263	
1708.25	2900	1263	
1708.26	2900	1263	
1708.27	2900	1289	
1708.28	2900	1289	
1708.29	2900	1289	
1708.3	2900	1289	
1708.31	2900	1334	
1708.32	2900	1334	
1708.33	2900	1334	
1708.3400000000001	2900	1334	
1708.3500000000001	2900	1334	
1708.3600000000001	2900	1374	
1708.3700000000001	2900	1374	
1708.38	2900	1374	
1708.39	2900	1374	
1708.4	2900	1374	
1708.41	2900	1374	
1708.42	2900	1421	
1708.43	2900	1421	
1708.44	2900	1421	
1708.45	2900	1421	
1708.46	2900	1459	
1708.47	2900	1459	
1708.48	2900	1459	
1708.49	2900	1459	
1708.5	2900	1459	
1708.51	2900	1499	
1708.52	2900	1499	
1708.53	2900	1499	
1708.54	2900	1499	
1708.55	2900	1499	
1708.56	2900	1499	
1708.57	2900	1550	
1708.58	2900	1550	
1708.5900000000001	2900	1550	
1708.6000000000001	2900	1550	
1708.6100000000001	2900	1586	
1708.6200000000001	2900	1586	
1708.63	2900	1586	
1708.64	2900	1586	
1708.65	2900	1586	
1708.66	2900	1586	
1708.67	2900	1637	
1708.68	2900	1637	
1708.69	2900	1637	
1708.7	2900	1637	
1708.71	2900	1637	
1708.72	2900	1675	
1708.73	2900	1675	
1708.74	2900	1675	
1708.75	2900	1675	
1708.76	2900	1675	
1708.77	2900	1721	
1708.78	2900	1721	
1708.79	2900	1721	
1708.8	2900	1721	
1708.81	2900	1721	
1708.82	2900	1802	
1708.83	2900	1802	
1708.8400000000001	2900	1802	
1708.8500000000001	2900	1802	
1708.8600000000001	2900	1830	
1708.8700000000001	2900	1830	
1708.88	2900	1830	
1708.89	2900	1830	
1708.9	2900	1830	
1708.91	2900	1830	
1708.92	2900	1877	
1708.93	2900	1877	
1708.94	2900	1877	
1708.95	2900	1877	
1708.96	2900	1935	
1708.97	2900	1935	
1708.98	2900	1935	
1708.99	2900	1935	
1709	2900	1935	
1709.01	2900	1935	
1709.02	2900	1961	
1709.03	2900	1961	
1709.04	2900	1961	
1709.05	2900	1961	
1709.06	2900	2006	
1709.07	2900	2006	
1709.08	2900	2006	
1709.0900000000001	2900	2006	
1709.1000000000001	2900	2006	
1709.1100000000001	2900	2006	
1709.1200000000001	2900	2073	
1709.13	2900	2073	
1709.14	2900	2073	
1709.15	2900	2073	
1709.16	2900	2073	
1709.17	2900	2137	
1709.18	2900	2137	
1709.19	2900	2137	
1709.2	2900	2137	
1709.21	2900	2165	
1709.22	2900	2165	
1709.23	2900	2165	
1709.24	2900	2165	
1709.25	2900	2165	
1709.26	2900	2213	
1709.27	2900	2213	
1709.28	2900	2213	
1709.29	2900	2213	
1709.3	2900	2213	
1709.31	2900	2282	
1709.32	2900	2282	
1709.33	2900	2282	
1709.3400000000001	2900	2282	
1709.3500000000001	2900	2282	
1709.3600000000001	2900	2282	
1709.3700000000001	2900	2327	
1709.38	2900	2327	
1709.39	2900	2327	
1709.4	2900	2327	
1709.41	2900	2327	
1709.42	2900	2382	
1709.43	2900	2382	
1709.44	2900	2382	
1709.45	2900	2382	
1709.46	2900	2417	
1709.47	2900	2417	
1709.48	2900	2417	
1709.49	2900	2417	
1709.5	2900	2417	
1709.51	2900	2417	
1709.52	2900	2440	
1709.53	2900	2440	
1709.54	2900	2440	
1709.55	2900	2440	
1709.56	2900	2476	
1709.57	2900	2476	
1709.58	2900	2476	
1709.5900000000001	2900	2476	
1709.6000000000001	2900	2476	
1709.6100000000001	2900	2500	
1709.6200000000001	2900	2500	
1709.63	2900	2500	
1709.64	2900	2500	
1709.65	2900	2500	
1709.66	2900	2524	
1709.67	2900	2524	
1709.68	2900	2524	
1709.69	2900	2524	
1709.7	2900	2524	
1709.71	2900	2524	
1709.72	2900	2539	
1709.73	2900	2539	
1709.74	2900	2539	
1709.75	2900	2539	
1709.76	2900	2579	
1709.77	2900	2579	
1709.78	2900	2579	
1709.79	2900	2579	
1709.8	2900	2579	
1709.81	2900	2594	
1709.82	2900	2594	
1709.83	2900	2594	
1709.8400000000001	2900	2594	
1709.8500000000001	2900	2594	
1709.8600000000001	2900	2594	
1709.8700000000001	2900	2636	
1709.88	2900	2636	
1709.89	2900	2636	
1709.9	2900	2636	
1709.91	2900	2636	
1709.92	2900	2615	
1709.93	2900	2615	
1709.94	2900	2615	
1709.95	2900	2615	
1709.96	2900	2615	
1709.97	2900	2647	
1709.98	2900	2647	
1709.99	2900	2647	
1710	2900	2647	
1710.01	2900	2647	
1710.02	2900	2647	
1710.03	2900	2647	
1710.04	2900	2647	
1710.05	2900	2647	
1710.06	2900	2663	
1710.07	2900	2663	
1710.08	1000	2663	
1710.0900000000001	1000	2663	
1710.1000000000001	1000	2663	
1710.1100000000001	1000	2663	
1710.1200000000001	1000	2674	
1710.13	1000	2674	
1710.14	1000	2674	
1710.15	1000	2674	
1710.16	1000	2690	
1710.17	1000	2690	
1710.18	1000	2690	
1710.19	1000	2690	
1710.2	1000	2690	
1710.21	1000	2724	
1710.22	1000	2724	
1710.23	1000	2724	
1710.24	1000	2724	
1710.25	1000	2724	
1710.26	1000	2724	
1710.27	1000	2707	
1710.28	1000	2707	
1710.29	1000	2707	
1710.3	1000	2707	
1710.31	1000	2690	
1710.32	1000	2690	
1710.33	1000	2690	
1710.3400000000001	1000	2690	
1710.3500000000001	1000	2690	
1710.3600000000001	1000	2690	
1710.3700000000001	1000	2690	
1710.38	1000	2690	
1710.39	1000	2690	
1710.4	1000	2690	
1710.41	1000	2690	
1710.42	1000	2674	
1710.43	1000	2674	
1710.44	1000	2674	
1710.45	1000	2674	
1710.46	1000	2679	
1710.47	1000	2679	
1710.48	1000	2679	
1710.49	1000	2679	
1710.5	1000	2679	
1710.51	1000	2657	
1710.52	1000	2657	
1710.53	1000	2657	
1710.54	1000	2657	
1710.55	1000	2657	
1710.56	1000	2631	
1710.57	1000	2631	
1710.58	1000	2631	
1710.5900000000001	1000	2631	
1710.6000000000001	1000	2631	
1710.6100000000001	1000	2631	
1710.6200000000001	1000	2594	
1710.63	1000	2594	
1710.64	1000	2594	
1710.65	1000	2594	
1710.66	1000	2594	
1710.67	1000	2564	
1710.68	1000	2564	
1710.69	1000	2564	
1710.7	1000	2564	
1710.71	1000	2549	
1710.72	1000	2549	
1710.73	1000	2549	
1710.74	1000	2549	
1710.75	1000	2549	
1710.76	1000	2524	
1710.77	1000	2524	
1710.78	1000	2524	
1710.79	1000	2524	
1710.8	1000	2524	
1710.81	1000	2524	
1710.82	1000	2500	
1710.83	1000	2500	
1710.8400000000001	1000	2500	
1710.8500000000001	1000	2500	
1710.8600000000001	1000	2462	
1710.8700000000001	1000	2462	
1710.88	1000	2462	
1710.89	1000	2462	
1710.9	1000	2462	
1710.91	1000	2462	
1710.92	1000	2449	
1710.93	1000	2449	
1710.94	1000	2449	
1710.95	1000	2449	
1710.96	1000	2382	
1710.97	1000	2382	
1710.98	1000	2382	
1710.99	1000	2382	
1711	1000	2382	
1711.01	1000	2373	
1711.02	1000	2373	
1711.03	1000	2373	
1711.04	1000	2373	
1711.05	1000	2373	
1711.06	1000	2373	
1711.07	1000	2327	
1711.08	1000	2327	
1711.0900000000001	1000	2327	
1711.1000000000001	1000	2327	
1711.1100000000001	1000	2327	
1711.1200000000001	1000	2282	
1711.13	1000	2282	
1711.14	1000	2282	
1711.15	1000	2282	
1711.16	1000	2282	
1711.17	1000	2220	
1711.18	1000	2220	
1711.19	1000	2220	
1711.2	1000	2220	
1711.21	1000	2191	
1711.22	1000	2191	
1711.23	1000	2191	
1711.24	1000	2191	
1711.25	1000	2191	
1711.26	1000	2191	
1711.27	1000	2165	
1711.28	1000	2165	
1711.29	1000	2165	
1711.3	1000	2165	
1711.31	1000	2116	
1711.32	1000	2116	
1711.33	1000	2116	
1711.3400000000001	1000	2116	
1711.3500000000001	1000	2116	
1711.3600000000001	1000	2063	
1711.3700000000001	1000	2063	
1711.38	1000	2063	
1711.39	1000	2063	
1711.4	1000	2063	
1711.41	1000	2063	
1711.42	1000	2022	
1711.43	1000	2022	
1711.44	1000	2022	
1711.45	1000	2022	
1711.46	1000	1982	
1711.47	1000	1982	
1711.48	1000	1982	
1711.49	1000	1982	
1711.5	1000	1982	
1711.51	1000	1944	
1711.52	1000	1944	
1711.53	1000	1944	
1711.54	1000	1944	
1711.55	1000	1944	
1711.56	1000	1885	
1711.57	1000	1885	
1711.58	1000	1885	
1711.5900000000001	1000	1885	
1711.6000000000001	1000	1885	
1711.6100000000001	1000	1835	
1711.6200000000001	1000	1835	
1711.63	1000	1835	
1711.64	1000	1835	
1711.65	1000	1835	
1711.66	1000	1802	
1711.67	1000	1802	
1711.68	1000	1802	
1711.69	1000	1802	
1711.7	1000	1802	
1711.71	1000	1744	
1711.72	1000	1744	
1711.73	1000	1744	
1711.74	1000	1744	
1711.75	1000	1744	
1711.76	1000	1744	
1711.77	1000	1710	
1711.78	1000	1710	
1711.79	1000	1710	
1711.8	1000	1710	
1711.81	1000	1637	
1711.82	1000	1637	
1711.83	1000	1637	
1711.8400000000001	1000	1637	
1711.8500000000001	1000	1637	
1711.8600000000001	1000	1590	
1711.8700000000001	1000	1590	
1711.88	1000	1590	
1711.89	1000	1590	
1711.9	1000	1590	
1711.91	1000	1590	
1711.92	1000	1559	
1711.93	1000	1559	
1711.94	1000	1559	
1711.95	1000	1559	
1711.96	1000	1559	
1711.97	1000	1513	
1711.98	1000	1513	
1711.99	1000	1513	
1712	1000	1513	
1712.01	1000	1454	
1712.02	1000	1454	
1712.03	1000	1454	
1712.04	1000	1454	
1712.05	1000	1454	
1712.06	1000	1454	
1712.07	1000	1408	
1712.08	1000	1408	
1712.0900000000001	1000	1408	
1712.1000000000001	1000	1408	
1712.1100000000001	1000	1372	
1712.1200000000001	1000	1372	
1712.13	1000	1372	
1712.14	1000	1372	
1712.15	1000	1372	
1712.16	1000	1349	
1712.17	1000	1349	
1712.18	1000	1349	
1712.19	1000	1349	
1712.2	1000	1349	
1712.21	1000	1303	
1712.22	1000	1303	
1712.23	1000	1303	
1712.24	1000	1303	
1712.25	1000	1303	
1712.26	1000	1275	
1712.27	1000	1275	
1712.28	1000	1275	
1712.29	1000	1275	
1712.3	1000	1275	
1712.31	1000	1256	
1712.32	1000	1256	
1712.33	1000	1256	
1712.3400000000001	1000	1256	
1712.3500000000001	1000	1256	
1712.3600000000001	1000	1256	
1712.3700000000001	1000	1222	
1712.38	1000	1222	
1712.39	1000	1222	
1712.4	1000	1222	
1712.41	1000	1222	
1712.42	1000	1205	
1712.43	1000	1205	
1712.44	1000	1205	
1712.45	1000	1205	
1712.46	1000	1182	
1712.47	1000	1182	
1712.48	1000	1182	
1712.49	1000	1182	
1712.5	1000	1182	
1712.51	1000	1182	
1712.52	1000	1165	
1712.53	1000	1165	
1712.54	1000	1165	
1712.55	1000	1165	
1712.56	1000	1165	
1712.57	1000	1141	
1712.58	1000	1141	
1712.5900000000001	1000	1141	
1712.6000000000001	1000	1141	
1712.6100000000001	1000	1125	
1712.6200000000001	1000	1125	
1712.63	1000	1125	
1712.64	1000	1125	
1712.65	1000	1125	
1712.66	1000	1123	
1712.67	1000	1123	
1712.68	1000	1123	
1712.69	1000	1123	
1712.7	1000	1123	
1712.71	1000	1093	
1712.72	1000	1093	
1712.73	1000	1093	
1712.74	1000	1093	
1712.75	1000	1093	
1712.76	1000	1083	
1712.77	1000	1083	
1712.78	1000	1083	
1712.79	1000	1083	
1712.8	1000	1083	
1712.81	1000	1067	
1712.82	1000	1067	
1712.83	1000	1067	
1712.8400000000001	1000	1067	
1712.8500000000001	1000	1067	
1712.8600000000001	1000	1061	
1712.8700000000001	1000	1061	
1712.88	1000	1061	
1712.89	1000	1061	
1712.9	1000	1061	
1712.91	1000	1061	
1712.92	1000	1056	
1712.93	1000	1056	
1712.94	1000	1056	
1712.95	1000	1056	
1712.96	1000	1056	
1712.97	1000	1047	
1712.98	1000	1047	
1712.99	1000	1047	
1713	1000	1047	
1713.01	1000	1047	
1713.02	1000	1032	
1713.03	1000	1032	
1713.04	1000	1032	
1713.05	1000	1032	
1713.06	1000	1032	
1713.07	1000	1028	
1713.08	1000	1028	
1713.0900000000001	1000	1028	
1713.1000000000001	1000	1028	
1713.1100000000001	1000	1022	
1713.1200000000001	1000	1022	
1713.13	1000	1022	
1713.14	1000	1022	
1713.15	1000	1022	
1713.16	1000	1009	
1713.17	1000	1009	
1713.18	1000	1009	
1713.19	1000	1009	
1713.2	1000	1009	
1713.21	1000	1009	
1713.22	1000	1004	
1713.23	1000	1004	
1713.24	1000	1004	
1713.25	1000	1004	
1713.26	1000	1004	
1713.27	1000	1007	
1713.28	1000	1007	
1713.29	1000	1007	
1713.3	1000	1007	
1713.31	1000	999	
1713.32	1000	999	
1713.33	1000	999	
1713.3400000000001	1000	999	
1713.3500000000001	1000	999	
1713.3600000000001	1000	999	
1713.3700000000001	1000	985	
1713.38	1000	985	
1713.39	1000	985	
1713.4	1000	985	
1713.41	1000	985	
1713.42	1000	983	
1713.43	1000	983	
1713.44	1000	983	
1713.45	1000	983	
1713.46	1000	982	
1713.47	1000	982	
1713.48	1000	982	
1713.49	1000	982	
1713.5	1000	982	
1713.51	1000	982	
1713.52	1000	981	
1713.53	1000	981	
1713.54	1000	981	
1713.55	1000	981	
1713.56	1000	981	
1713.57	1000	981	
1713.58	1000	981	
1713.5900000000001	1000	981	
1713.6000000000001	1000	981	
1713.6100000000001	1000	967	
1713.6200000000001	1000	967	
1713.63	1000	967	
1713.64	1000	967	
1713.65	1000	967	
1713.66	1000	964	
1713.67	1000	964	
1713.68	1000	964	
1713.69	1000	964	
1713.7	1000	964	
1713.71	1000	966	
1713.72	1000	966	
1713.73	1000	966	
1713.74	1000	966	
1713.75	1000	966	
1713.76	1000	962	
1713.77	1000	962	
1713.78	1000	962	
1713.79	1000	962	
1713.8	1000	962	
1713.81	1000	957	
1713.82	1000	957	
1713.83	1000	957	
1713.8400000000001	1000	957	
1713.8500000000001	1000	957	
1713.8600000000001	1000	957	
1713.8700000000001	1000	955	
1713.88	1000	955	
1713.89	1000	955	
1713.9	1000	955	
1713.91	1000	955	
1713.92	1000	955	
1713.93	1000	955	
1713.94	1000	955	
1713.95	1000	955	
1713.96	1000	955	
1713.97	1000	951	
1713.98	1000	951	
1713.99	1000	951	
1714	1000	951	
1714.01	1000	951	
1714.02	1000	959	
1714.03	1000	959	
1714.04	1000	959	
1714.05	1000	959	
1714.06	1000	946	
1714.07	1000	946	
1714.08	1000	946	
1714.0900000000001	1000	946	
1714.1000000000001	1000	946	
1714.1100000000001	1000	948	
1714.1200000000001	1000	948	
1714.13	1000	948	
1714.14	1000	948	
1714.15	1000	948	
1714.16	1000	948	
1714.17	1000	946	
1714.18	1000	946	
1714.19	1000	946	
1714.2	1000	946	
1714.21	1000	946	
1714.22	1000	947	
1714.23	1000	947	
1714.24	1000	947	
1714.25	1000	947	
1714.26	1000	951	
1714.27	1000	951	
1714.28	1000	951	
1714.29	1000	951	
1714.3	1000	951	
1714.31	1000	946	
1714.32	1000	946	
1714.33	1000	946	
1714.3400000000001	1000	946	
1714.3500000000001	1000	946	
1714.3600000000001	1000	946	
1714.3700000000001	1000	941	
1714.38	1000	941	
1714.39	1000	941	
1714.4	1000	941	
1714.41	1000	941	
1714.42	1000	939	
1714.43	1000	939	
1714.44	1000	939	
1714.45	1000	939	
1714.46	1000	941	
1714.47	1000	941	
1714.48	1000	941	
1714.49	1000	941	
1714.5	1000	941	
1714.51	1000	941	
1714.52	1000	944	
1714.53	1000	944	
1714.54	1000	944	
1714.55	1000	944	
1714.56	1000	944	
1714.57	1000	944	
1714.58	1000	944	
1714.5900000000001	1000	944	
1714.6000000000001	1000	944	
1714.6100000000001	1000	937	
1714.6200000000001	1000	937	
1714.63	1000	937	
1714.64	1000	937	
1714.65	1000	937	
1714.66	1000	937	
1714.67	1000	938	
1714.68	1000	938	
1714.69	1000	938	
1714.7	1000	938	
1714.71	2900	938	
1714.72	2900	939	
1714.73	2900	939	
1714.74	2900	939	
1714.75	2900	939	
1714.76	2900	942	
1714.77	2900	942	
1714.78	2900	942	
1714.79	2900	942	
1714.8	2900	942	
1714.81	2900	942	
1714.82	2900	942	
1714.83	2900	942	
1714.8400000000001	2900	942	
1714.8500000000001	2900	942	
1714.8600000000001	2900	948	
1714.8700000000001	2900	948	
1714.88	2900	948	
1714.89	2900	948	
1714.9	2900	948	
1714.91	2900	948	
1714.92	2900	946	
1714.93	2900	946	
1714.94	2900	946	
1714.95	2900	946	
1714.96	2900	946	
1714.97	2900	959	
1714.98	2900	959	
1714.99	2900	959	
1715	2900	959	
1715.01	2900	987	
1715.02	2900	987	
1715.03	2900	987	
1715.04	2900	987	
1715.05	2900	987	
1715.06	2900	987	
1715.07	2900	997	
1715.08	2900	997	
1715.0900000000001	2900	997	
1715.1000000000001	2900	997	
1715.1100000000001	2900	997	
1715.1200000000001	2900	1018	
1715.13	2900	1018	
1715.14	2900	1018	
1715.15	2900	1018	
1715.16	2900	1034	
1715.17	2900	1034	
1715.18	2900	1034	
1715.19	2900	1034	
1715.2	2900	1034	
1715.21	2900	1034	
1715.22	2900	1074	
1715.23	2900	1074	
1715.24	2900	1074	
1715.25	2900	1074	
1715.26	2900	1106	
1715.27	2900	1106	
1715.28	2900	1106	
1715.29	2900	1106	
1715.3	2900	1106	
1715.31	2900	1128	
1715.32	2900	1128	
1715.33	2900	1128	
1715.3400000000001	2900	1128	
1715.3500000000001	2900	1128	
1715.3600000000001	2900	1177	
1715.3700000000001	2900	1177	
1715.38	2900	1177	
1715.39	2900	1177	
1715.4	2900	1177	
1715.41	2900	1177	
1715.42	2900	1200	
1715.43	2900	1200	
1715.44	2900	1200	
1715.45	2900	1200	
1715.46	2900	1256	
1715.47	2900	1256	
1715.48	2900	1256	
1715.49	2900	1256	
1715.5	2900	1256	
1715.51	2900	1256	
1715.52	2900	1302	
1715.53	2900	1302	
1715.54	2900	1302	
1715.55	2900	1302	
1715.56	2900	1334	
1715.57	2900	1334	
1715.58	2900	1334	
1715.5900000000001	2900	1334	
1715.6000000000001	2900	1334	
1715.6100000000001	2900	1377	
1715.6200000000001	2900	1377	
1715.63	2900	1377	
1715.64	2900	1377	
1715.65	2900	1377	
1715.66	2900	1425	
1715.67	2900	1425	
1715.68	2900	1425	
1715.69	2900	1425	
1715.7	2900	1425	
1715.71	2900	1425	
1715.72	2900	1485	
1715.73	2900	1485	
1715.74	2900	1485	
1715.75	2900	1485	
1715.76	2900	1507	
1715.77	2900	1507	
1715.78	2900	1507	
1715.79	2900	1507	
1715.8	2900	1507	
1715.81	2900	1563	
1715.82	2900	1563	
1715.83	2900	1563	
1715.8400000000001	2900	1563	
1715.8500000000001	2900	1563	
1715.8600000000001	2900	1605	
1715.8700000000001	2900	1605	
1715.88	2900	1605	
1715.89	2900	1605	
1715.9	2900	1605	
1715.91	2900	1605	
1715.92	2900	1652	
1715.93	2900	1652	
1715.94	2900	1652	
1715.95	2900	1652	
1715.96	2900	1726	
1715.97	2900	1726	
1715.98	2900	1726	
1715.99	2900	1726	
1716	2900	1726	
1716.01	2900	1754	
1716.02	2900	1754	
1716.03	2900	1754	
1716.04	2900	1754	
1716.05	2900	1754	
1716.06	2900	1754	
1716.07	2900	1809	
1716.08	2900	1809	
1716.0900000000001	2900	1809	
1716.1000000000001	2900	1809	
1716.1100000000001	2900	1855	
1716.1200000000001	2900	1855	
1716.13	2900	1855	
1716.14	2900	1855	
1716.15	2900	1855	
1716.16	2900	1898	
1716.17	2900	1898	
1716.18	2900	1898	
1716.19	2900	1898	
1716.2	2900	1898	
1716.21	2900	1898	
1716.22	2900	1952	
1716.23	2900	1952	
1716.24	2900	1952	
1716.25	2900	1952	
1716.26	2900	2006	
1716.27	2900	2006	
1716.28	2900	2006	
1716.29	2900	2006	
1716.3	2900	2006	
1716.31	2900	2006	
1716.32	2900	2053	
1716.33	2900	2053	
1716.3400000000001	2900	2053	
1716.3500000000001	2900	2053	
1716.3600000000001	2900	2106	
1716.3700000000001	2900	2106	
1716.38	2900	2106	
1716.39	2900	2106	
1716.4	2900	2106	
1716.41	2900	2106	
1716.42	2900	2155	
1716.43	2900	2155	
1716.44	2900	2155	
1716.45	2900	2155	
1716.46	2900	2213	
1716.47	2900	2213	
1716.48	2900	2213	
1716.49	2900	2213	
1716.5	2900	2213	
1716.51	2900	2274	
1716.52	2900	2274	
1716.53	2900	2274	
1716.54	2900	2274	
1716.55	2900	2274	
1716.56	2900	2302	
1716.57	2900	2302	
1716.58	2900	2302	
1716.5900000000001	2900	2302	
1716.6000000000001	2900	2302	
1716.6100000000001	2900	2360	
1716.6200000000001	2900	2360	
1716.63	2900	2360	
1716.64	2900	2360	
1716.65	2900	2360	
1716.66	2900	2360	
1716.67	2900	2417	
1716.68	2900	2417	
1716.69	2900	2417	
1716.7	2900	2417	
1716.71	2900	2453	
1716.72	2900	2453	
1716.73	2900	2453	
1716.74	2900	2453	
1716.75	2900	2453	
1716.76	2900	2476	
1716.77	2900	2476	
1716.78	2900	2476	
1716.79	2900	2476	
1716.8	2900	2476	
1716.81	2900	2476	
1716.82	2900	2500	
1716.83	2900	2500	
1716.8400000000001	2900	2500	
1716.8500000000001	2900	2500	
1716.8600000000001	2900	2539	
1716.8700000000001	2900	2539	
1716.88	2900	2539	
1716.89	2900	2539	
1716.9	2900	2539	
1716.91	2900	2539	
1716.92	2900	2539	
1716.93	2900	2539	
1716.94	2900	2539	
1716.95	2900	2539	
1716.96	2900	2589	
1716.97	2900	2589	
1716.98	2900	2589	
1716.99	2900	2589	
1717	2900	2589	
1717.01	2900	2604	
1717.02	2900	2604	
1717.03	2900	2604	
1717.04	2900	2604	
1717.05	2900	2604	
1717.06	2900	2604	
1717.07	2900	2620	
1717.08	2900	2620	
1717.0900000000001	2900	2620	
1717.1000000000001	2900	2620	
1717.1100000000001	2900	2620	
1717.1200000000001	2900	2620	
1717.13	2900	2620	
1717.14	2900	2620	
1717.15	2900	2620	
1717.16	2900	2657	
1717.17	2900	2657	
1717.18	2900	2657	
1717.19	2900	2657	
1717.2	2900	2657	
1717.21	2900	2663	
1717.22	2900	2663	
1717.23	2900	2663	
1717.24	2900	2663	
1717.25	2900	2663	
1717.26	2900	2657	
1717.27	2900	2657	
1717.28	2900	2657	
1717.29	2900	2657	
1717.3	2900	2657	
1717.31	2900	2690	
1717.32	2900	2690	
1717.33	2900	2690	
1717.3400000000001	2900	2690	
1717.3500000000001	2900	2690	
1717.3600000000001	2900	2690	
1717.3700000000001	2900	2690	
1717.38	2900	2690	
1717.39	2900	2690	
1717.4	2900	2690	
1717.41	2900	2690	
1717.42	2900	2690	
1717.43	2900	2690	
1717.44	2900	2690	
1717.45	2900	2690	
1717.46	2900	2718	
1717.47	2900	2718	
1717.48	2900	2718	
1717.49	2900	2718	
1717.5	2900	2718	
1717.51	2900	2718	
1717.52	2900	2724	
1717.53	2900	2724	
1717.54	2900	2724	
1717.55	2900	2724	
1717.56	2900	2735	
1717.57	2900	2735	
1717.58	2900	2735	
1717.5900000000001	2900	2735	
1717.6000000000001	2900	2735	
1717.6100000000001	2900	2718	
1717.6200000000001	2900	2718	
1717.63	2900	2718	
1717.64	2900	2718	
1717.65	2900	2718	
1717.66	2900	2735	
1717.67	2900	2735	
1717.68	2900	2735	
1717.69	2900	2735	
1717.7	2900	2735	
1717.71	2900	2735	
1717.72	2900	2764	
1717.73	2900	2764	
1717.74	2900	2764	
1717.75	2900	2764	
1717.76	2900	2764	
1717.77	2900	2735	
1717.78	2900	2735	
1717.79	2900	2735	
1717.8	2900	2735	
1717.81	2900	2776	
1717.82	2900	2776	
1717.83	2900	2776	
1717.8400000000001	2900	2776	
1717.8500000000001	2900	2776	
1717.8600000000001	2900	2776	
1717.8700000000001	2900	2764	
1717.88	2900	2764	
1717.89	2900	2764	
1717.9	2900	2764	
1717.91	2900	2764	
1717.92	2900	2764	
1717.93	2900	2764	
1717.94	2900	2764	
1717.95	2900	2764	
1717.96	2900	2746	
1717.97	2900	2746	
1717.98	2900	2746	
1717.99	2900	2746	
1718	2900	2746	
1718.01	2900	2746	
1718.02	2900	2781	
1718.03	2900	2781	
1718.04	2900	2781	
1718.05	2900	2781	
1718.06	2900	2781	
1718.07	2900	2781	
1718.08	2900	2781	
1718.0900000000001	2900	2781	
1718.1000000000001	2900	2781	
1718.1100000000001	2900	2764	
1718.1200000000001	2900	2764	
1718.13	2900	2764	
1718.14	2900	2764	
1718.15	2900	2764	
1718.16	2900	2793	
1718.17	2900	2793	
1718.18	2900	2793	
1718.19	2900	2793	
1718.2	2900	2793	
1718.21	2900	2793	
1718.22	2900	2746	
1718.23	2900	2746	
1718.24	2900	2746	
1718.25	2900	2746	
1718.26	2900	2746	
1718.27	2900	2776	
1718.28	2900	2776	
1718.29	2900	2776	
1718.3	2900	2776	
1718.31	2900	2776	
1718.32	2900	2793	
1718.33	2900	2793	
1718.3400000000001	2900	2793	
1718.3500000000001	2900	2793	
1718.3600000000001	2900	2781	
1718.3700000000001	2900	2781	
1718.38	2900	2781	
1718.39	2900	2781	
1718.4	2900	2781	
1718.41	2900	2781	
1718.42	2900	2799	
1718.43	2900	2799	
1718.44	2900	2799	
1718.45	2900	2799	
1718.46	2900	2793	
1718.47	2900	2793	
1718.48	2900	2793	
1718.49	2900	2793	
1718.5	2900	2793	
1718.51	2900	2793	
1718.52	2900	2811	
1718.53	2900	2811	
1718.54	2900	2811	
1718.55	2900	2811	
1718.56	2900	2811	
1718.57	2900	2781	
1718.58	2900	2781	
1718.5900000000001	2900	2781	
1718.6000000000001	2900	2781	
1718.6100000000001	2900	2781	
1718.6200000000001	2900	2781	
1718.63	2900	2781	
1718.64	2900	2781	
1718.65	2900	2781	
1718.66	2900	2793	
1718.67	2900	2793	
1718.68	2900	2793	
1718.69	2900	2793	
1718.7	2900	2793	
1718.71	2900	2764	
1718.72	2900	2764	
1718.73	2900	2764	
1718.74	2900	2764	
1718.75	2900	2764	
1718.76	2900	2764	
1718.77	2900	2793	
1718.78	2900	2793	
1718.79	1000	2793	
1718.8	1000	2793	
1718.81	1000	2793	
1718.82	1000	2799	
1718.83	1000	2799	
1718.8400000000001	1000	2799	
1718.8500000000001	1000	2799	
1718.8600000000001	1000	2793	
1718.8700000000001	1000	2793	
1718.88	1000	2793	
1718.89	1000	2793	
1718.9	1000	2793	
1718.91	1000	2793	
1718.92	1000	2781	
1718.93	1000	2781	
1718.94	1000	2781	
1718.95	1000	2781	
1718.96	1000	2781	
1718.97	1000	2764	
1718.98	1000	2764	
1718.99	1000	2764	
1719	1000	2764	
1719.01	1000	2764	
1719.02	1000	2799	
1719.03	1000	2799	
1719.04	1000	2799	
1719.05	1000	2799	
1719.06	1000	2781	
1719.07	1000	2781	
1719.08	1000	2781	
1719.0900000000001	1000	2781	
1719.1000000000001	1000	2781	
1719.1100000000001	1000	2764	
1719.1200000000001	1000	2764	
1719.13	1000	2764	
1719.14	1000	2764	
1719.15	1000	2764	
1719.16	1000	2746	
1719.17	1000	2746	
1719.18	1000	2746	
1719.19	1000	2746	
1719.2	1000	2746	
1719.21	1000	2746	
1719.22	1000	2735	
1719.23	1000	2735	
1719.24	1000	2735	
1719.25	1000	2735	
1719.26	1000	2690	
1719.27	1000	2690	
1719.28	1000	2690	
1719.29	1000	2690	
1719.3	1000	2690	
1719.31	1000	2707	
1719.32	1000	2707	
1719.33	1000	2707	
1719.3400000000001	1000	2707	
1719.3500000000001	1000	2707	
1719.3600000000001	1000	2663	
1719.3700000000001	1000	2663	
1719.38	1000	2663	
1719.39	1000	2663	
1719.4	1000	2663	
1719.41	1000	2663	
1719.42	1000	2620	
1719.43	1000	2620	
1719.44	1000	2620	
1719.45	1000	2620	
1719.46	1000	2594	
1719.47	1000	2594	
1719.48	1000	2594	
1719.49	1000	2594	
1719.5	1000	2594	
1719.51	1000	2594	
1719.52	1000	2564	
1719.53	1000	2564	
1719.54	1000	2564	
1719.55	1000	2564	
1719.56	1000	2549	
1719.57	1000	2549	
1719.58	1000	2549	
1719.5900000000001	1000	2549	
1719.6000000000001	1000	2549	
1719.6100000000001	1000	2476	
1719.6200000000001	1000	2476	
1719.63	1000	2476	
1719.64	1000	2476	
1719.65	1000	2476	
1719.66	1000	2453	
1719.67	1000	2453	
1719.68	1000	2453	
1719.69	1000	2453	
1719.7	1000	2453	
1719.71	1000	2408	
1719.72	1000	2408	
1719.73	1000	2408	
1719.74	1000	2408	
1719.75	1000	2408	
1719.76	1000	2408	
1719.77	1000	2382	
1719.78	1000	2382	
1719.79	1000	2382	
1719.8	1000	2382	
1719.81	1000	2382	
1719.82	1000	2339	
1719.83	1000	2339	
1719.8400000000001	1000	2339	
1719.8500000000001	1000	2339	
1719.8600000000001	1000	2339	
1719.8700000000001	1000	2286	
