time	Control	Speed_rpm	
1730.08	2900	1477	
1730.0900000000001	2900	1477	
1730.1000000000001	2900	1477	
1730.1100000000001	2900	1534	
1730.1200000000001	2900	1534	
1730.13	2900	1534	
1730.14	2900	1534	
1730.15	2900	1534	
1730.16	2900	1569	
1730.17	2900	1569	
1730.18	2900	1569	
1730.19	2900	1569	
1730.2	2900	1569	
1730.21	2900	1621	
1730.22	2900	1621	
1730.23	2900	1621	
1730.24	2900	1621	
1730.25	2900	1621	
1730.26	2900	1621	
1730.27	2900	1658	
1730.28	2900	1658	
1730.29	2900	1658	
1730.3	2900	1658	
1730.31	2900	1658	
1730.32	2900	1717	
1730.33	2900	1717	
1730.3400000000001	2900	1717	
1730.3500000000001	2900	1717	
1730.3600000000001	2900	1717	
1730.3700000000001	2900	1765	
1730.38	2900	1765	
1730.39	2900	1765	
1730.4	2900	1765	
1730.41	2900	1765	
1730.42	2900	1822	
1730.43	2900	1822	
1730.44	2900	1822	
1730.45	2900	1822	
1730.46	2900	1863	
1730.47	2900	1863	
1730.48	2900	1863	
1730.49	2900	1863	
1730.5	2900	1863	
1730.51	2900	1863	
1730.52	2900	1907	
1730.53	2900	1907	
1730.54	2900	1907	
1730.55	2900	1907	
1730.56	2900	1907	
1730.57	2900	1967	
1730.58	2900	1967	
1730.5900000000001	2900	1967	
1730.6000000000001	2900	1967	
1730.6100000000001	2900	2006	
1730.6200000000001	2900	2006	
1730.63	2900	2006	
1730.64	2900	2006	
1730.65	2900	2006	
1730.66	2900	2066	
1730.67	2900	2066	
1730.68	2900	2066	
1730.69	2900	2066	
1730.7	2900	2066	
1730.71	2900	2066	
1730.72	2900	2089	
1730.73	2900	2089	
1730.74	2900	2089	
1730.75	2900	2089	
1730.76	2900	2155	
1730.77	2900	2155	
1730.78	2900	2155	
1730.79	2900	2155	
1730.8	2900	2155	
1730.81	2900	2209	
1730.82	2900	2209	
1730.83	2900	2209	
1730.8400000000001	2900	2209	
1730.8500000000001	2900	2209	
1730.8600000000001	2900	2263	
1730.8700000000001	2900	2263	
1730.88	2900	2263	
1730.89	2900	2263	
1730.9	2900	2263	
1730.91	2900	2263	
1730.92	2900	2327	
1730.93	2900	2327	
1730.94	2900	2327	
1730.95	2900	2327	
1730.96	2900	2369	
1730.97	2900	2369	
1730.98	2900	2369	
1730.99	2900	2369	
1731	2900	2369	
1731.01	2900	2369	
1731.02	2900	2369	
1731.03	2900	2369	
1731.04	2900	2369	
1731.05	2900	2369	
1731.06	2900	2369	
1731.07	2900	2440	
1731.08	2900	2440	
1731.0900000000001	2900	2440	
1731.1000000000001	2900	2440	
1731.1100000000001	2900	2491	
1731.1200000000001	2900	2491	
1731.13	2900	2491	
1731.14	2900	2491	
1731.15	2900	2491	
1731.16	2900	2514	
1731.17	2900	2514	
1731.18	2900	2514	
1731.19	2900	2514	
1731.2	2900	2514	
1731.21	2900	2524	
1731.22	2900	2524	
1731.23	2900	2524	
1731.24	2900	2524	
1731.25	2900	2524	
1731.26	2900	2569	
1731.27	2900	2569	
1731.28	2900	2569	
1731.29	2900	2569	
1731.3	2900	2569	
1731.31	2900	2569	
1731.32	2900	2564	
1731.33	2900	2564	
1731.3400000000001	2900	2564	
1731.3500000000001	2900	2564	
1731.3600000000001	2900	2579	
1731.3700000000001	2900	2579	
1731.38	2900	2579	
1731.39	2900	2579	
1731.4	2900	2579	
1731.41	2900	2579	
1731.42	2900	2636	
1731.43	2900	2636	
1731.44	2900	2636	
1731.45	2900	2636	
1731.46	2900	2620	
1731.47	2900	2620	
1731.48	2900	2620	
1731.49	2900	2620	
1731.5	2900	2620	
1731.51	2900	2620	
1731.52	2900	2647	
1731.53	2900	2647	
1731.54	2900	2647	
1731.55	2900	2647	
1731.56	2900	2647	
1731.57	2900	2674	
1731.58	2900	2674	
1731.5900000000001	2900	2674	
1731.6000000000001	2900	2674	
1731.6100000000001	2900	2674	
1731.6200000000001	2900	2674	
1731.63	2900	2674	
1731.64	2900	2674	
1731.65	2900	2674	
1731.66	2900	2674	
1731.67	2900	2674	
1731.68	2900	2674	
1731.69	2900	2674	
1731.7	2900	2674	
1731.71	2900	2701	
1731.72	2900	2701	
1731.73	2900	2701	
1731.74	2900	2701	
1731.75	2900	2701	
1731.76	2900	2701	
1731.77	2900	2701	
1731.78	2900	2701	
1731.79	2900	2701	
1731.8	2900	2701	
1731.81	2900	2718	
1731.82	2900	2718	
1731.83	2900	2718	
1731.8400000000001	2900	2718	
1731.8500000000001	2900	2718	
1731.8600000000001	2900	2724	
1731.8700000000001	2900	2724	
1731.88	2900	2724	
1731.89	2900	2724	
1731.9	2900	2724	
1731.91	2900	2724	
1731.92	2900	2718	
1731.93	2900	2718	
1731.94	2900	2718	
1731.95	2900	2718	
1731.96	2900	2718	
1731.97	2900	2735	
1731.98	2900	2735	
1731.99	2900	2735	
1732	2900	2735	
1732.01	1000	2746	
1732.02	1000	2746	
1732.03	1000	2746	
1732.04	1000	2746	
1732.05	1000	2746	
1732.06	1000	2752	
1732.07	1000	2752	
1732.08	1000	2752	
1732.0900000000001	1000	2752	
1732.1000000000001	1000	2752	
1732.1100000000001	1000	2752	
1732.1200000000001	1000	2752	
1732.13	1000	2752	
1732.14	1000	2752	
1732.15	1000	2752	
1732.16	1000	2735	
1732.17	1000	2735	
1732.18	1000	2735	
1732.19	1000	2735	
1732.2	1000	2735	
1732.21	1000	2764	
1732.22	1000	2764	
1732.23	1000	2764	
1732.24	1000	2764	
1732.25	1000	2764	
1732.26	1000	2752	
1732.27	1000	2752	
1732.28	1000	2752	
1732.29	1000	2752	
1732.3	1000	2752	
1732.31	1000	2735	
1732.32	1000	2735	
1732.33	1000	2735	
1732.3400000000001	1000	2735	
1732.3500000000001	1000	2735	
1732.3600000000001	1000	2735	
1732.3700000000001	1000	2724	
1732.38	1000	2724	
1732.39	1000	2724	
1732.4	1000	2724	
1732.41	1000	2724	
1732.42	1000	2674	
1732.43	1000	2674	
1732.44	1000	2674	
1732.45	1000	2674	
1732.46	1000	2674	
1732.47	1000	2690	
1732.48	1000	2690	
1732.49	1000	2690	
1732.5	1000	2690	
1732.51	1000	2663	
1732.52	1000	2663	
1732.53	1000	2663	
1732.54	1000	2663	
1732.55	1000	2663	
1732.56	1000	2647	
1732.57	1000	2647	
1732.58	1000	2647	
1732.5900000000001	1000	2647	
1732.6000000000001	1000	2647	
1732.6100000000001	1000	2604	
1732.6200000000001	1000	2604	
1732.63	1000	2604	
1732.64	1000	2604	
1732.65	1000	2604	
1732.66	1000	2594	
1732.67	1000	2594	
1732.68	1000	2594	
1732.69	1000	2594	
1732.7	1000	2594	
1732.71	1000	2529	
1732.72	1000	2529	
1732.73	1000	2529	
1732.74	1000	2529	
1732.75	1000	2529	
1732.76	1000	2529	
1732.77	1000	2514	
1732.78	1000	2514	
1732.79	1000	2514	
1732.8	1000	2514	
1732.81	1000	2476	
1732.82	1000	2476	
1732.83	1000	2476	
1732.8400000000001	1000	2476	
1732.8500000000001	1000	2476	
1732.8600000000001	1000	2440	
1732.8700000000001	1000	2440	
1732.88	1000	2440	
1732.89	1000	2440	
1732.9	1000	2440	
1732.91	1000	2440	
1732.92	1000	2404	
1732.93	1000	2404	
1732.94	1000	2404	
1732.95	1000	2404	
1732.96	1000	2404	
1732.97	1000	2369	
1732.98	1000	2369	
1732.99	1000	2369	
1733	1000	2369	
1733.01	1000	2314	
1733.02	1000	2314	
1733.03	1000	2314	
1733.04	1000	2314	
1733.05	1000	2314	
1733.06	1000	2314	
1733.07	1000	2282	
1733.08	1000	2282	
1733.0900000000001	1000	2282	
1733.1000000000001	1000	2282	
1733.1100000000001	1000	2232	
1733.1200000000001	1000	2232	
1733.13	1000	2232	
1733.14	1000	2232	
1733.15	1000	2232	
1733.16	1000	2213	
1733.17	1000	2213	
1733.18	1000	2213	
1733.19	1000	2213	
1733.2	1000	2213	
1733.21	1000	2162	
1733.22	1000	2162	
1733.23	1000	2162	
1733.24	1000	2162	
1733.25	1000	2162	
1733.26	1000	2109	
1733.27	1000	2109	
1733.28	1000	2109	
1733.29	1000	2109	
1733.3	1000	2109	
1733.31	1000	2083	
1733.32	1000	2083	
1733.33	1000	2083	
1733.3400000000001	1000	2083	
1733.3500000000001	1000	2083	
1733.3600000000001	1000	2022	
1733.3700000000001	1000	2022	
1733.38	1000	2022	
1733.39	1000	2022	
1733.4	1000	2022	
1733.41	1000	2022	
1733.42	1000	1997	
1733.43	1000	1997	
1733.44	1000	1997	
1733.45	1000	1997	
1733.46	1000	1997	
1733.47	1000	1944	
1733.48	1000	1944	
1733.49	1000	1944	
1733.5	1000	1944	
1733.51	1000	1907	
1733.52	1000	1907	
1733.53	1000	1907	
1733.54	1000	1907	
1733.55	1000	1907	
1733.56	1000	1907	
1733.57	1000	1850	
1733.58	1000	1850	
1733.5900000000001	1000	1850	
1733.6000000000001	1000	1850	
1733.6100000000001	1000	1794	
1733.6200000000001	1000	1794	
1733.63	1000	1794	
1733.64	1000	1794	
1733.65	1000	1794	
1733.66	1000	1751	
1733.67	1000	1751	
1733.68	1000	1751	
1733.69	1000	1751	
1733.7	1000	1751	
1733.71	1000	1692	
1733.72	1000	1692	
1733.73	1000	1692	
1733.74	1000	1692	
1733.75	1000	1692	
1733.76	1000	1648	
1733.77	1000	1648	
1733.78	1000	1648	
1733.79	1000	1648	
1733.8	1000	1648	
1733.81	1000	1599	
1733.82	1000	1599	
1733.83	1000	1599	
1733.8400000000001	1000	1599	
1733.8500000000001	1000	1599	
1733.8600000000001	1000	1599	
1733.8700000000001	1000	1545	
1733.88	1000	1545	
1733.89	1000	1545	
1733.9	1000	1545	
1733.91	1000	1545	
1733.92	1000	1490	
1733.93	1000	1490	
1733.94	1000	1490	
1733.95	1000	1490	
1733.96	1000	1455	
1733.97	1000	1455	
1733.98	1000	1455	
1733.99	1000	1455	
1734	1000	1455	
1734.01	1000	1410	
1734.02	1000	1410	
1734.03	1000	1410	
1734.04	1000	1410	
1734.05	1000	1410	
1734.06	1000	1382	
1734.07	1000	1382	
1734.08	1000	1382	
1734.0900000000001	1000	1382	
1734.1000000000001	1000	1382	
1734.1100000000001	1000	1382	
1734.1200000000001	1000	1342	
1734.13	1000	1342	
1734.14	1000	1342	
1734.15	1000	1342	
1734.16	1000	1306	
1734.17	1000	1306	
1734.18	1000	1306	
1734.19	1000	1306	
1734.2	1000	1306	
1734.21	1000	1306	
1734.22	1000	1285	
1734.23	1000	1285	
1734.24	1000	1285	
1734.25	1000	1285	
1734.26	1000	1285	
1734.27	1000	1253	
1734.28	1000	1253	
1734.29	1000	1253	
1734.3	1000	1253	
1734.31	1000	1220	
1734.32	1000	1220	
1734.33	1000	1220	
1734.3400000000001	1000	1220	
1734.3500000000001	1000	1220	
1734.3600000000001	1000	1199	
1734.3700000000001	1000	1199	
1734.38	1000	1199	
1734.39	1000	1199	
1734.4	1000	1199	
1734.41	1000	1199	
1734.42	1000	1174	
1734.43	1000	1174	
1734.44	1000	1174	
1734.45	1000	1174	
1734.46	1000	1159	
1734.47	1000	1159	
1734.48	1000	1159	
1734.49	1000	1159	
1734.5	1000	1159	
1734.51	1000	1152	
1734.52	1000	1152	
1734.53	1000	1152	
1734.54	1000	1152	
1734.55	1000	1152	
1734.56	1000	1152	
1734.57	1000	1120	
1734.58	1000	1120	
1734.5900000000001	1000	1120	
1734.6000000000001	1000	1120	
1734.6100000000001	1000	1116	
1734.6200000000001	1000	1116	
1734.63	1000	1116	
1734.64	1000	1116	
1734.65	1000	1116	
1734.66	1000	1093	
1734.67	1000	1093	
1734.68	1000	1093	
1734.69	1000	1093	
1734.7	1000	1093	
1734.71	1000	1084	
1734.72	1000	1084	
1734.73	1000	1084	
1734.74	1000	1084	
1734.75	1000	1084	
1734.76	1000	1073	
1734.77	1000	1073	
1734.78	1000	1073	
1734.79	1000	1073	
1734.8	1000	1073	
1734.81	1000	1061	
1734.82	2900	1061	
1734.83	2900	1061	
1734.8400000000001	2900	1061	
1734.8500000000001	2900	1061	
1734.8600000000001	2900	1061	
1734.8700000000001	2900	1045	
1734.88	2900	1045	
1734.89	2900	1045	
1734.9	2900	1045	
1734.91	2900	1045	
1734.92	2900	1044	
1734.93	2900	1044	
1734.94	2900	1044	
1734.95	2900	1044	
1734.96	2900	1030	
1734.97	2900	1030	
1734.98	2900	1030	
1734.99	2900	1030	
1735	2900	1030	
1735.01	2900	1030	
1735.02	2900	1023	
1735.03	2900	1023	
1735.04	2900	1023	
1735.05	2900	1023	
1735.06	2900	1030	
1735.07	2900	1030	
1735.08	2900	1030	
1735.0900000000001	2900	1030	
1735.1000000000001	2900	1030	
1735.1100000000001	2900	1034	
1735.1200000000001	2900	1034	
1735.13	2900	1034	
1735.14	2900	1034	
1735.15	2900	1034	
1735.16	2900	1034	
1735.17	2900	1039	
1735.18	2900	1039	
1735.19	2900	1039	
1735.2	2900	1039	
1735.21	2900	1063	
1735.22	2900	1063	
1735.23	2900	1063	
1735.24	2900	1063	
1735.25	2900	1063	
1735.26	2900	1063	
1735.27	2900	1076	
1735.28	2900	1076	
1735.29	2900	1076	
1735.3	2900	1076	
1735.31	2900	1093	
1735.32	2900	1093	
1735.33	2900	1093	
1735.3400000000001	2900	1093	
1735.3500000000001	2900	1093	
1735.3600000000001	2900	1128	
1735.3700000000001	2900	1128	
1735.38	2900	1128	
1735.39	2900	1128	
1735.4	2900	1128	
1735.41	2900	1128	
1735.42	2900	1152	
1735.43	2900	1152	
1735.44	2900	1152	
1735.45	2900	1152	
1735.46	2900	1182	
1735.47	2900	1182	
1735.48	2900	1182	
1735.49	2900	1182	
1735.5	2900	1182	
1735.51	2900	1216	
1735.52	2900	1216	
1735.53	2900	1216	
1735.54	2900	1216	
1735.55	2900	1216	
1735.56	2900	1252	
1735.57	2900	1252	
1735.58	2900	1252	
1735.5900000000001	2900	1252	
1735.6000000000001	2900	1252	
1735.6100000000001	2900	1278	
1735.6200000000001	2900	1278	
1735.63	2900	1278	
1735.64	2900	1278	
1735.65	2900	1278	
1735.66	2900	1330	
1735.67	2900	1330	
1735.68	2900	1330	
1735.69	2900	1330	
1735.7	2900	1330	
1735.71	2900	1372	
1735.72	2900	1372	
1735.73	2900	1372	
1735.74	2900	1372	
1735.75	2900	1372	
1735.76	2900	1398	
1735.77	2900	1398	
1735.78	2900	1398	
1735.79	2900	1398	
1735.8	2900	1398	
1735.81	2900	1451	
1735.82	2900	1451	
1735.83	2900	1451	
1735.8400000000001	2900	1451	
1735.8500000000001	2900	1451	
1735.8600000000001	2900	1480	
1735.8700000000001	2900	1480	
1735.88	2900	1480	
1735.89	2900	1480	
1735.9	2900	1480	
1735.91	2900	1480	
1735.92	2900	1536	
1735.93	2900	1536	
1735.94	2900	1536	
1735.95	2900	1536	
1735.96	2900	1584	
1735.97	2900	1584	
1735.98	2900	1584	
1735.99	2900	1584	
1736	2900	1584	
1736.01	2900	1584	
1736.02	2900	1629	
1736.03	2900	1629	
1736.04	2900	1629	
1736.05	2900	1629	
1736.06	2900	1675	
1736.07	2900	1675	
1736.08	2900	1675	
1736.0900000000001	2900	1675	
1736.1000000000001	2900	1675	
1736.1100000000001	2900	1717	
1736.1200000000001	2900	1717	
1736.13	2900	1717	
1736.14	2900	1717	
1736.15	2900	1717	
1736.16	2900	1763	
1736.17	2900	1763	
1736.18	2900	1763	
1736.19	2900	1763	
1736.2	2900	1763	
1736.21	2900	1763	
1736.22	2900	1814	
1736.23	2900	1814	
1736.24	2900	1814	
1736.25	2900	1814	
1736.26	2900	1871	
1736.27	2900	1871	
1736.28	2900	1871	
1736.29	2900	1871	
1736.3	2900	1871	
1736.31	2900	1871	
1736.32	2900	1907	
1736.33	2900	1907	
1736.3400000000001	2900	1907	
1736.3500000000001	2900	1907	
1736.3600000000001	2900	1907	
1736.3700000000001	2900	1976	
1736.38	2900	1976	
1736.39	2900	1976	
1736.4	2900	1976	
1736.41	2900	1976	
1736.42	2900	2015	
1736.43	2900	2015	
1736.44	2900	2015	
1736.45	2900	2015	
1736.46	2900	2083	
1736.47	2900	2083	
1736.48	2900	2083	
1736.49	2900	2083	
1736.5	2900	2083	
1736.51	2900	2109	
1736.52	2900	2109	
1736.53	2900	2109	
1736.54	2900	2109	
1736.55	2900	2109	
1736.56	2900	2109	
1736.57	2900	2172	
1736.58	2900	2172	
1736.5900000000001	2900	2172	
1736.6000000000001	2900	2172	
1736.6100000000001	2900	2172	
1736.6200000000001	2900	2239	
1736.63	2900	2239	
1736.64	2900	2239	
1736.65	2900	2239	
1736.66	2900	2282	
1736.67	2900	2282	
1736.68	2900	2282	
1736.69	2900	2282	
1736.7	2900	2282	
1736.71	2900	2302	
1736.72	2900	2302	
1736.73	2900	2302	
1736.74	2900	2302	
1736.75	2900	2302	
1736.76	2900	2356	
1736.77	2900	2356	
1736.78	2900	2356	
1736.79	2900	2356	
1736.8	2900	2356	
1736.81	2900	2391	
1736.82	2900	2391	
1736.83	2900	2391	
1736.8400000000001	2900	2391	
1736.8500000000001	2900	2391	
1736.8600000000001	2900	2440	
1736.8700000000001	2900	2440	
1736.88	2900	2440	
1736.89	2900	2440	
1736.9	2900	2440	
1736.91	2900	2440	
1736.92	2900	2462	
1736.93	2900	2462	
1736.94	2900	2462	
1736.95	2900	2462	
1736.96	2900	2491	
1736.97	2900	2491	
1736.98	2900	2491	
1736.99	2900	2491	
1737	2900	2491	
1737.01	2900	2539	
1737.02	2900	2539	
1737.03	2900	2539	
1737.04	2900	2539	
1737.05	2900	2539	
1737.06	2900	2539	
1737.07	2900	2549	
1737.08	2900	2549	
1737.0900000000001	2900	2549	
1737.1000000000001	2900	2549	
1737.1100000000001	2900	2549	
1737.1200000000001	2900	2569	
1737.13	2900	2569	
1737.14	2900	2569	
1737.15	2900	2569	
1737.16	2900	2569	
1737.17	2900	2579	
1737.18	2900	2579	
1737.19	2900	2579	
1737.2	2900	2579	
1737.21	2900	2604	
1737.22	2900	2604	
1737.23	2900	2604	
1737.24	2900	2604	
1737.25	2900	2604	
1737.26	2900	2647	
1737.27	2900	2647	
1737.28	2900	2647	
1737.29	2900	2647	
1737.3	2900	2647	
1737.31	2900	2647	
1737.32	2900	2647	
1737.33	2900	2647	
1737.3400000000001	2900	2647	
1737.3500000000001	2900	2647	
1737.3600000000001	2900	2647	
1737.3700000000001	2900	2663	
1737.38	2900	2663	
1737.39	2900	2663	
1737.4	2900	2663	
1737.41	2900	2663	
1737.42	2900	2674	
1737.43	2900	2674	
1737.44	2900	2674	
1737.45	2900	2674	
1737.46	2900	2690	
1737.47	2900	2690	
1737.48	2900	2690	
1737.49	1000	2690	
1737.5	1000	2690	
1737.51	1000	2701	
1737.52	1000	2701	
1737.53	1000	2701	
1737.54	1000	2701	
1737.55	1000	2701	
1737.56	1000	2707	
1737.57	1000	2707	
1737.58	1000	2707	
1737.5900000000001	1000	2707	
1737.6000000000001	1000	2707	
1737.6100000000001	1000	2707	
1737.6200000000001	1000	2690	
1737.63	1000	2690	
1737.64	1000	2690	
1737.65	1000	2690	
1737.66	1000	2735	
1737.67	1000	2735	
1737.68	1000	2735	
1737.69	1000	2735	
1737.7	1000	2735	
1737.71	1000	2701	
1737.72	1000	2701	
1737.73	1000	2701	
1737.74	1000	2701	
1737.75	1000	2701	
1737.76	1000	2701	
1737.77	1000	2701	
1737.78	1000	2701	
1737.79	1000	2701	
1737.8	1000	2701	
1737.81	1000	2690	
1737.82	1000	2690	
1737.83	1000	2690	
1737.8400000000001	1000	2690	
1737.8500000000001	1000	2690	
1737.8600000000001	1000	2690	
1737.8700000000001	1000	2674	
1737.88	1000	2674	
1737.89	1000	2674	
1737.9	1000	2674	
1737.91	1000	2674	
1737.92	1000	2674	
1737.93	1000	2674	
1737.94	1000	2674	
1737.95	1000	2674	
1737.96	1000	2674	
1737.97	1000	2674	
1737.98	1000	2674	
1737.99	1000	2674	
1738	1000	2674	
1738.01	1000	2652	
1738.02	1000	2652	
1738.03	1000	2652	
1738.04	1000	2652	
1738.05	1000	2652	
1738.06	1000	2652	
1738.07	1000	2620	
1738.08	1000	2620	
1738.0900000000001	1000	2620	
1738.1000000000001	1000	2620	
1738.1100000000001	1000	2589	
1738.1200000000001	1000	2589	
1738.13	1000	2589	
1738.14	1000	2589	
1738.15	1000	2589	
1738.16	1000	2569	
1738.17	1000	2569	
1738.18	1000	2569	
1738.19	1000	2569	
1738.2	1000	2569	
1738.21	1000	2569	
1738.22	1000	2510	
1738.23	1000	2510	
1738.24	1000	2510	
1738.25	1000	2510	
1738.26	1000	2510	
1738.27	1000	2486	
1738.28	1000	2486	
1738.29	1000	2486	
1738.3	1000	2486	
1738.31	1000	2467	
1738.32	1000	2467	
1738.33	1000	2467	
1738.3400000000001	1000	2467	
1738.3500000000001	1000	2467	
1738.3600000000001	1000	2467	
1738.3700000000001	1000	2430	
1738.38	1000	2430	
1738.39	1000	2430	
1738.4	1000	2430	
1738.41	1000	2430	
1738.42	1000	2391	
1738.43	1000	2391	
1738.44	1000	2391	
1738.45	1000	2391	
1738.46	1000	2356	
1738.47	1000	2356	
1738.48	1000	2356	
1738.49	1000	2356	
1738.5	1000	2356	
1738.51	1000	2314	
1738.52	1000	2314	
1738.53	1000	2314	
1738.54	1000	2314	
1738.55	1000	2314	
1738.56	1000	2314	
1738.57	1000	2270	
1738.58	1000	2270	
1738.5900000000001	1000	2270	
1738.6000000000001	1000	2270	
1738.6100000000001	1000	2270	
1738.6200000000001	1000	2232	
1738.63	1000	2232	
1738.64	1000	2232	
1738.65	1000	2232	
1738.66	1000	2232	
1738.67	1000	2202	
1738.68	1000	2202	
1738.69	1000	2202	
1738.7	1000	2202	
1738.71	1000	2202	
1738.72	1000	2162	
1738.73	1000	2162	
1738.74	1000	2162	
1738.75	1000	2162	
1738.76	1000	2162	
1738.77	1000	2103	
1738.78	1000	2103	
1738.79	1000	2103	
1738.8	1000	2103	
1738.81	1000	2063	
1738.82	1000	2063	
1738.83	1000	2063	
1738.8400000000001	1000	2063	
1738.8500000000001	1000	2063	
1738.8600000000001	1000	2015	
1738.8700000000001	1000	2015	
1738.88	1000	2015	
1738.89	1000	2015	
1738.9	1000	2015	
1738.91	1000	2015	
1738.92	1000	1991	
1738.93	1000	1991	
1738.94	1000	1991	
1738.95	1000	1991	
1738.96	1000	1921	
1738.97	1000	1921	
1738.98	1000	1921	
1738.99	1000	1921	
1739	1000	1921	
1739.01	1000	1898	
1739.02	1000	1898	
1739.03	1000	1898	
1739.04	1000	1898	
1739.05	1000	1898	
1739.06	1000	1898	
1739.07	1000	1850	
1739.08	1000	1850	
1739.0900000000001	1000	1850	
1739.1000000000001	1000	1850	
1739.1100000000001	1000	1785	
1739.1200000000001	1000	1785	
1739.13	1000	1785	
1739.14	1000	1785	
1739.15	1000	1785	
1739.16	1000	1740	
1739.17	1000	1740	
1739.18	1000	1740	
1739.19	1000	1740	
1739.2	1000	1740	
1739.21	1000	1740	
1739.22	1000	1686	
1739.23	1000	1686	
1739.24	1000	1686	
1739.25	1000	1686	
1739.26	1000	1637	
1739.27	1000	1637	
1739.28	1000	1637	
1739.29	1000	1637	
1739.3	1000	1637	
1739.31	1000	1637	
1739.32	1000	1590	
1739.33	1000	1590	
1739.3400000000001	1000	1590	
1739.3500000000001	1000	1590	
1739.3600000000001	1000	1536	
1739.3700000000001	1000	1536	
1739.38	1000	1536	
1739.39	1000	1536	
1739.4	1000	1536	
1739.41	1000	1536	
1739.42	1000	1485	
1739.43	1000	1485	
1739.44	1000	1485	
1739.45	1000	1485	
1739.46	1000	1443	
1739.47	1000	1443	
1739.48	1000	1443	
1739.49	1000	1443	
1739.5	1000	1443	
1739.51	1000	1443	
1739.52	1000	1418	
1739.53	1000	1418	
1739.54	1000	1418	
1739.55	1000	1418	
1739.56	1000	1370	
1739.57	1000	1370	
1739.58	1000	1370	
1739.5900000000001	1000	1370	
1739.6000000000001	1000	1370	
1739.6100000000001	1000	1337	
1739.6200000000001	1000	1337	
1739.63	1000	1337	
1739.64	1000	1337	
1739.65	1000	1337	
1739.66	1000	1296	
1739.67	1000	1296	
1739.68	1000	1296	
1739.69	1000	1296	
1739.7	1000	1296	
1739.71	1000	1273	
1739.72	1000	1273	
1739.73	1000	1273	
1739.74	1000	1273	
1739.75	1000	1273	
1739.76	1000	1244	
1739.77	1000	1244	
1739.78	1000	1244	
1739.79	1000	1244	
1739.8	1000	1244	
1739.81	1000	1229	
1739.82	1000	1229	
1739.83	1000	1229	
1739.8400000000001	1000	1229	
1739.8500000000001	1000	1229	
1739.8600000000001	1000	1205	
1739.8700000000001	1000	1205	
1739.88	1000	1205	
1739.89	1000	1205	
1739.9	1000	1205	
1739.91	1000	1205	
1739.92	1000	1187	
1739.93	1000	1187	
1739.94	1000	1187	
1739.95	1000	1187	
1739.96	1000	1187	
1739.97	1000	1155	
1739.98	1000	1155	
1739.99	1000	1155	
1740	1000	1155	
1740.01	1000	1155	
1740.02	1000	1146	
1740.03	1000	1146	
1740.04	1000	1146	
1740.05	1000	1146	
1740.06	1000	1146	
1740.07	1000	1120	
1740.08	2900	1120	
1740.0900000000001	2900	1120	
1740.1000000000001	2900	1120	
1740.1100000000001	2900	1113	
1740.1200000000001	2900	1113	
1740.13	2900	1113	
1740.14	2900	1113	
1740.15	2900	1113	
1740.16	2900	1099	
1740.17	2900	1099	
1740.18	2900	1099	
1740.19	2900	1099	
1740.2	2900	1099	
1740.21	2900	1079	
1740.22	2900	1079	
1740.23	2900	1079	
1740.24	2900	1079	
1740.25	2900	1079	
1740.26	2900	1079	
1740.27	2900	1077	
1740.28	2900	1077	
1740.29	2900	1077	
1740.3	2900	1077	
1740.31	2900	1076	
1740.32	2900	1076	
1740.33	2900	1076	
1740.3400000000001	2900	1076	
1740.3500000000001	2900	1076	
1740.3600000000001	2900	1076	
1740.3700000000001	2900	1070	
1740.38	2900	1070	
1740.39	2900	1070	
1740.4	2900	1070	
1740.41	2900	1070	
1740.42	2900	1089	
1740.43	2900	1089	
1740.44	2900	1089	
1740.45	2900	1089	
1740.46	2900	1089	
1740.47	2900	1095	
1740.48	2900	1095	
1740.49	2900	1095	
1740.5	2900	1095	
1740.51	2900	1103	
1740.52	2900	1103	
1740.53	2900	1103	
1740.54	2900	1103	
1740.55	2900	1103	
1740.56	2900	1103	
1740.57	2900	1133	
1740.58	2900	1133	
1740.5900000000001	2900	1133	
1740.6000000000001	2900	1133	
1740.6100000000001	2900	1133	
1740.6200000000001	2900	1143	
1740.63	2900	1143	
1740.64	2900	1143	
1740.65	2900	1143	
1740.66	2900	1182	
1740.67	2900	1182	
1740.68	2900	1182	
1740.69	2900	1182	
1740.7	2900	1182	
1740.71	2900	1207	
1740.72	2900	1207	
1740.73	2900	1207	
1740.74	2900	1207	
1740.75	2900	1207	
1740.76	2900	1244	
1740.77	2900	1244	
1740.78	2900	1244	
1740.79	2900	1244	
1740.8	2900	1244	
1740.81	2900	1269	
1740.82	2900	1269	
1740.83	2900	1269	
1740.8400000000001	2900	1269	
1740.8500000000001	2900	1269	
1740.8600000000001	2900	1269	
1740.8700000000001	2900	1302	
1740.88	2900	1302	
1740.89	2900	1302	
1740.9	2900	1302	
1740.91	2900	1330	
1740.92	2900	1330	
1740.93	2900	1330	
1740.94	2900	1330	
1740.95	2900	1330	
1740.96	2900	1374	
1740.97	2900	1374	
1740.98	2900	1374	
1740.99	2900	1374	
1741	2900	1374	
1741.01	2900	1418	
1741.02	2900	1418	
1741.03	2900	1418	
1741.04	2900	1418	
1741.05	2900	1418	
1741.06	2900	1418	
1741.07	2900	1467	
1741.08	2900	1467	
1741.0900000000001	2900	1467	
1741.1000000000001	2900	1467	
1741.1100000000001	2900	1467	
1741.1200000000001	2900	1513	
1741.13	2900	1513	
1741.14	2900	1513	
1741.15	2900	1513	
1741.16	2900	1559	
1741.17	2900	1559	
1741.18	2900	1559	
1741.19	2900	1559	
1741.2	2900	1559	
1741.21	2900	1559	
1741.22	2900	1580	
1741.23	2900	1580	
1741.24	2900	1580	
1741.25	2900	1580	
1741.26	2900	1580	
1741.27	2900	1648	
1741.28	2900	1648	
1741.29	2900	1648	
1741.3	2900	1648	
1741.31	2900	1699	
1741.32	2900	1699	
1741.33	2900	1699	
1741.3400000000001	2900	1699	
1741.3500000000001	2900	1699	
1741.3600000000001	2900	1740	
1741.3700000000001	2900	1740	
1741.38	2900	1740	
1741.39	2900	1740	
1741.4	2900	1740	
1741.41	2900	1740	
1741.42	2900	1770	
1741.43	2900	1770	
1741.44	2900	1770	
1741.45	2900	1770	
1741.46	2900	1814	
1741.47	2900	1814	
1741.48	2900	1814	
1741.49	2900	1814	
1741.5	2900	1814	
1741.51	2900	1814	
1741.52	2900	1885	
1741.53	2900	1885	
1741.54	2900	1885	
1741.55	2900	1885	
1741.56	2900	1926	
1741.57	2900	1926	
1741.58	2900	1926	
1741.5900000000001	2900	1926	
1741.6000000000001	2900	1926	
1741.6100000000001	2900	1958	
1741.6200000000001	2900	1958	
1741.63	2900	1958	
1741.64	2900	1958	
1741.65	2900	1958	
1741.66	2900	2022	
1741.67	2900	2022	
1741.68	2900	2022	
1741.69	2900	2022	
1741.7	2900	2022	
1741.71	2900	2056	
1741.72	2900	2056	
1741.73	2900	2056	
1741.74	2900	2056	
1741.75	2900	2056	
1741.76	2900	2056	
1741.77	2900	2127	
1741.78	2900	2127	
1741.79	2900	2127	
1741.8	2900	2127	
1741.81	2900	2165	
1741.82	2900	2165	
1741.83	2900	2165	
1741.8400000000001	2900	2165	
1741.8500000000001	2900	2165	
1741.8600000000001	2900	2165	
1741.8700000000001	2900	2220	
1741.88	2900	2220	
1741.89	2900	2220	
1741.9	2900	2220	
1741.91	2900	2220	
1741.92	2900	2263	
1741.93	2900	2263	
1741.94	2900	2263	
1741.95	2900	2263	
1741.96	2900	2314	
1741.97	2900	2314	
1741.98	2900	2314	
1741.99	2900	2314	
1742	2900	2314	
1742.01	2900	2373	
1742.02	2900	2373	
1742.03	2900	2373	
1742.04	2900	2373	
1742.05	2900	2373	
1742.06	2900	2373	
1742.07	2900	2391	
1742.08	2900	2391	
1742.0900000000001	2900	2391	
1742.1000000000001	2900	2391	
1742.1100000000001	2900	2453	
1742.1200000000001	2900	2453	
1742.13	2900	2453	
1742.14	2900	2453	
1742.15	2900	2453	
1742.16	2900	2462	
1742.17	2900	2462	
1742.18	2900	2462	
1742.19	2900	2462	
1742.2	2900	2462	
1742.21	2900	2462	
1742.22	2900	2491	
1742.23	2900	2491	
1742.24	2900	2491	
1742.25	2900	2491	
1742.26	2900	2524	
1742.27	2900	2524	
1742.28	2900	2524	
1742.29	2900	2524	
1742.3	2900	2524	
1742.31	2900	2554	
1742.32	2900	2554	
1742.33	2900	2554	
1742.3400000000001	2900	2554	
1742.3500000000001	2900	2554	
1742.3600000000001	2900	2554	
1742.3700000000001	2900	2579	
1742.38	2900	2579	
1742.39	2900	2579	
1742.4	2900	2579	
1742.41	2900	2579	
1742.42	2900	2594	
1742.43	2900	2594	
1742.44	2900	2594	
1742.45	2900	2594	
1742.46	2900	2610	
1742.47	2900	2610	
1742.48	2900	2610	
1742.49	2900	2610	
1742.5	2900	2610	
1742.51	2900	2636	
1742.52	2900	2636	
1742.53	2900	2636	
1742.54	2900	2636	
1742.55	2900	2636	
1742.56	2900	2636	
1742.57	2900	2652	
1742.58	2900	2652	
1742.5900000000001	2900	2652	
1742.6000000000001	2900	2652	
1742.6100000000001	2900	2663	
1742.6200000000001	2900	2663	
1742.63	2900	2663	
1742.64	2900	2663	
1742.65	2900	2663	
1742.66	2900	2679	
1742.67	2900	2679	
1742.68	2900	2679	
1742.69	2900	2679	
1742.7	2900	2679	
1742.71	2900	2690	
1742.72	2900	2690	
1742.73	2900	2690	
1742.74	2900	2690	
1742.75	2900	2690	
1742.76	2900	2690	
1742.77	2900	2690	
1742.78	2900	2690	
1742.79	2900	2690	
1742.8	2900	2690	
1742.81	2900	2690	
1742.82	2900	2724	
1742.83	2900	2724	
1742.8400000000001	2900	2724	
1742.8500000000001	2900	2724	
1742.8600000000001	2900	2724	
1742.8700000000001	2900	2701	
1742.88	2900	2701	
1742.89	2900	2701	
1742.9	2900	2701	
1742.91	2900	2701	
1742.92	2900	2735	
1742.93	2900	2735	
1742.94	2900	2735	
1742.95	2900	2735	
1742.96	2900	2729	
1742.97	2900	2729	
1742.98	2900	2729	
1742.99	2900	2729	
1743	2900	2729	
1743.01	2900	2729	
1743.02	2900	2729	
1743.03	2900	2729	
1743.04	2900	2729	
1743.05	2900	2729	
1743.06	2900	2729	
1743.07	2900	2729	
1743.08	2900	2729	
1743.0900000000001	2900	2729	
1743.1000000000001	2900	2729	
1743.1100000000001	2900	2735	
1743.1200000000001	2900	2735	
1743.13	2900	2735	
1743.14	2900	2735	
1743.15	2900	2735	
1743.16	2900	2764	
1743.17	2900	2764	
1743.18	2900	2764	
1743.19	2900	2764	
1743.2	2900	2764	
1743.21	2900	2752	
1743.22	2900	2752	
1743.23	2900	2752	
1743.24	2900	2752	
1743.25	2900	2752	
1743.26	2900	2752	
1743.27	2900	2781	
1743.28	2900	2781	
1743.29	2900	2781	
1743.3	2900	2781	
1743.31	2900	2764	
1743.32	2900	2764	
1743.33	2900	2764	
1743.3400000000001	2900	2764	
1743.3500000000001	2900	2764	
1743.3600000000001	2900	2781	
1743.3700000000001	2900	2781	
1743.38	2900	2781	
1743.39	2900	2781	
1743.4	2900	2781	
1743.41	2900	2781	
1743.42	2900	2770	
1743.43	2900	2770	
1743.44	2900	2770	
1743.45	2900	2770	
1743.46	2900	2770	
1743.47	2900	2764	
1743.48	2900	2764	
1743.49	2900	2764	
1743.5	2900	2764	
1743.51	2900	2764	
1743.52	2900	2764	
1743.53	2900	2764	
1743.54	2900	2764	
1743.55	2900	2764	
1743.56	2900	2746	
1743.57	2900	2746	
1743.58	2900	2746	
1743.5900000000001	2900	2746	
1743.6000000000001	2900	2746	
1743.6100000000001	2900	2746	
1743.6200000000001	2900	2764	
1743.63	2900	2764	
1743.64	2900	2764	
1743.65	2900	2764	
1743.66	2900	2764	
1743.67	2900	2752	
1743.68	2900	2752	
1743.69	2900	2752	
1743.7	2900	2752	
1743.71	2900	2781	
1743.72	2900	2781	
1743.73	2900	2781	
1743.74	2900	2781	
1743.75	2900	2781	
1743.76	2900	2764	
1743.77	2900	2764	
1743.78	2900	2764	
1743.79	2900	2764	
1743.8	2900	2764	
1743.81	2900	2781	
1743.82	2900	2781	
1743.83	2900	2781	
1743.8400000000001	2900	2781	
1743.8500000000001	2900	2781	
1743.8600000000001	2900	2770	
1743.8700000000001	2900	2770	
1743.88	2900	2770	
1743.89	2900	2770	
1743.9	2900	2770	
1743.91	2900	2770	
1743.92	2900	2746	
1743.93	2900	2746	
1743.94	2900	2746	
1743.95	2900	2746	
1743.96	2900	2770	
1743.97	2900	2770	
1743.98	2900	2770	
1743.99	2900	2770	
1744	2900	2770	
1744.01	2900	2764	
1744.02	2900	2764	
1744.03	2900	2764	
1744.04	2900	2764	
1744.05	2900	2764	
1744.06	2900	2781	
1744.07	2900	2781	
1744.08	2900	2781	
1744.0900000000001	2900	2781	
1744.1000000000001	2900	2781	
1744.1100000000001	2900	2764	
1744.1200000000001	2900	2764	
1744.13	2900	2764	
1744.14	2900	2764	
1744.15	2900	2764	
1744.16	2900	2799	
1744.17	2900	2799	
1744.18	2900	2799	
1744.19	2900	2799	
1744.2	2900	2799	
1744.21	2900	2776	
1744.22	2900	2776	
1744.23	2900	2776	
1744.24	2900	2776	
1744.25	2900	2776	
1744.26	2900	2776	
1744.27	2900	2781	
1744.28	2900	2781	
1744.29	2900	2781	
1744.3	2900	2781	
1744.31	2900	2781	
1744.32	2900	2781	
1744.33	2900	2781	
1744.3400000000001	2900	2781	
1744.3500000000001	2900	2781	
1744.3600000000001	2900	2781	
1744.3700000000001	2900	2781	
1744.38	2900	2781	
1744.39	2900	2781	
1744.4	2900	2781	
1744.41	2900	2781	
1744.42	2900	2781	
1744.43	2900	2781	
1744.44	2900	2781	
1744.45	2900	2781	
1744.46	2900	2781	
1744.47	2900	2781	
1744.48	2900	2781	
1744.49	2900	2781	
1744.5	2900	2781	
1744.51	2900	2781	
1744.52	2900	2781	
1744.53	2900	2781	
1744.54	2900	2781	
1744.55	2900	2781	
1744.56	2900	2793	
1744.57	2900	2793	
1744.58	2900	2793	
1744.5900000000001	2900	2793	
1744.6000000000001	2900	2793	
1744.6100000000001	2900	2781	
1744.6200000000001	2900	2781	
1744.63	2900	2781	
1744.64	2900	2781	
1744.65	2900	2781	
1744.66	2900	2781	
1744.67	2900	2781	
1744.68	2900	2781	
1744.69	2900	2781	
1744.7	2900	2781	
1744.71	1000	2776	
1744.72	1000	2776	
1744.73	1000	2776	
1744.74	1000	2776	
1744.75	1000	2776	
1744.76	1000	2793	
1744.77	1000	2793	
1744.78	1000	2793	
1744.79	1000	2793	
1744.8	1000	2793	
1744.81	1000	2781	
1744.82	1000	2781	
1744.83	1000	2781	
1744.8400000000001	1000	2781	
1744.8500000000001	1000	2781	
1744.8600000000001	1000	2799	
1744.8700000000001	1000	2799	
1744.88	1000	2799	
1744.89	1000	2799	
1744.9	1000	2799	
1744.91	1000	2799	
1744.92	1000	2781	
1744.93	1000	2781	
1744.94	1000	2781	
1744.95	1000	2781	
1744.96	1000	2781	
1744.97	1000	2781	
1744.98	1000	2781	
1744.99	1000	2781	
1745	1000	2781	
1745.01	1000	2746	
1745.02	1000	2746	
1745.03	1000	2746	
1745.04	1000	2746	
1745.05	1000	2746	
1745.06	1000	2735	
1745.07	1000	2735	
1745.08	1000	2735	
1745.0900000000001	1000	2735	
1745.1000000000001	1000	2735	
1745.1100000000001	1000	2735	
1745.1200000000001	1000	2707	
1745.13	1000	2707	
1745.14	1000	2707	
1745.15	1000	2707	
1745.16	1000	2690	
1745.17	1000	2690	
1745.18	1000	2690	
1745.19	1000	2690	
1745.2	1000	2690	
1745.21	1000	2690	
1745.22	1000	2690	
1745.23	1000	2690	
1745.24	1000	2690	
1745.25	1000	2690	
1745.26	1000	2647	
1745.27	1000	2647	
1745.28	1000	2647	
1745.29	1000	2647	
1745.3	1000	2647	
1745.31	1000	2620	
1745.32	1000	2620	
1745.33	1000	2620	
1745.3400000000001	1000	2620	
1745.3500000000001	1000	2620	
1745.3600000000001	1000	2620	
1745.3700000000001	1000	2579	
1745.38	1000	2579	
1745.39	1000	2579	
1745.4	1000	2579	
1745.41	1000	2579	
1745.42	1000	2574	
1745.43	1000	2574	
1745.44	1000	2574	
1745.45	1000	2574	
1745.46	1000	2529	
1745.47	1000	2529	
1745.48	1000	2529	
1745.49	1000	2529	
1745.5	1000	2529	
1745.51	1000	2491	
1745.52	1000	2491	
1745.53	1000	2491	
1745.54	1000	2491	
1745.55	1000	2491	
1745.56	1000	2440	
1745.57	1000	2440	
1745.58	1000	2440	
1745.5900000000001	1000	2440	
1745.6000000000001	1000	2440	
1745.6100000000001	1000	2413	
1745.6200000000001	1000	2413	
1745.63	1000	2413	
1745.64	1000	2413	
1745.65	1000	2413	
1745.66	1000	2378	
1745.67	1000	2378	
1745.68	1000	2378	
1745.69	1000	2378	
1745.7	1000	2378	
1745.71	1000	2378	
1745.72	1000	2348	
1745.73	1000	2348	
1745.74	1000	2348	
1745.75	1000	2348	
1745.76	1000	2294	
1745.77	1000	2294	
1745.78	1000	2294	
1745.79	1000	2294	
1745.8	1000	2294	
1745.81	1000	2294	
1745.82	1000	2251	
1745.83	1000	2251	
1745.8400000000001	1000	2251	
1745.8500000000001	1000	2251	
1745.8600000000001	1000	2251	
1745.8700000000001	1000	2202	
1745.88	1000	2202	
1745.89	1000	2202	
1745.9	1000	2202	
1745.91	1000	2202	
1745.92	1000	2155	
1745.93	1000	2155	
1745.94	1000	2155	
1745.95	1000	2155	
1745.96	1000	2134	
1745.97	1000	2134	
1745.98	1000	2134	
1745.99	1000	2134	
1746	1000	2134	
1746.01	1000	2134	
1746.02	1000	2083	
1746.03	1000	2083	
1746.04	1000	2083	
1746.05	1000	2083	
1746.06	1000	2040	
1746.07	1000	2040	
1746.08	1000	2040	
1746.0900000000001	1000	2040	
1746.1000000000001	1000	2040	
1746.1100000000001	1000	1991	
1746.1200000000001	1000	1991	
1746.13	1000	1991	
1746.14	1000	1991	
1746.15	1000	1991	
1746.16	1000	1952	
1746.17	1000	1952	
1746.18	1000	1952	
1746.19	1000	1952	
1746.2	1000	1952	
1746.21	1000	1901	
1746.22	1000	1901	
1746.23	1000	1901	
1746.24	1000	1901	
1746.25	1000	1901	
1746.26	1000	1901	
1746.27	1000	1850	
1746.28	1000	1850	
1746.29	1000	1850	
1746.3	1000	1850	
1746.31	1000	1804	
1746.32	1000	1804	
1746.33	1000	1804	
1746.3400000000001	1000	1804	
1746.3500000000001	1000	1804	
1746.3600000000001	1000	1804	
1746.3700000000001	1000	1735	
1746.38	1000	1735	
1746.39	1000	1735	
1746.4	1000	1735	
1746.41	1000	1735	
1746.42	1000	1699	
1746.43	1000	1699	
1746.44	1000	1699	
1746.45	1000	1699	
1746.46	1000	1644	
1746.47	1000	1644	
1746.48	1000	1644	
1746.49	1000	1644	
1746.5	1000	1644	
1746.51	1000	1586	
1746.52	1000	1586	
1746.53	1000	1586	
1746.54	1000	1586	
1746.55	1000	1586	
1746.56	1000	1586	
1746.57	1000	1541	
1746.58	1000	1541	
1746.5900000000001	1000	1541	
1746.6000000000001	1000	1541	
1746.6100000000001	1000	1480	
1746.6200000000001	1000	1480	
1746.63	1000	1480	
1746.64	1000	1480	
1746.65	1000	1480	
1746.66	1000	1468	
1746.67	1000	1468	
1746.68	1000	1468	
1746.69	1000	1468	
1746.7	1000	1468	
1746.71	1000	1468	
1746.72	1000	1410	
1746.73	1000	1410	
1746.74	1000	1410	
1746.75	1000	1410	
1746.76	1000	1367	
1746.77	1000	1367	
1746.78	1000	1367	
1746.79	1000	1367	
1746.8	1000	1367	
1746.81	1000	1338	
1746.82	1000	1338	
1746.83	1000	1338	
1746.8400000000001	1000	1338	
1746.8500000000001	1000	1338	
1746.8600000000001	1000	1316	
1746.8700000000001	1000	1316	
1746.88	1000	1316	
1746.89	1000	1316	
1746.9	1000	1316	
1746.91	1000	1316	
1746.92	1000	1275	
1746.93	1000	1275	
1746.94	1000	1275	
1746.95	1000	1275	
1746.96	1000	1256	
1746.97	1000	1256	
1746.98	1000	1256	
1746.99	1000	1256	
1747	1000	1256	
1747.01	1000	1225	
1747.02	1000	1225	
1747.03	1000	1225	
1747.04	1000	1225	
1747.05	1000	1225	
1747.06	1000	1225	
1747.07	1000	1203	
1747.08	1000	1203	
1747.0900000000001	1000	1203	
1747.1000000000001	1000	1203	
1747.1100000000001	1000	1182	
1747.1200000000001	1000	1182	
1747.13	1000	1182	
1747.14	1000	1182	
1747.15	1000	1182	
1747.16	1000	1168	
1747.17	1000	1168	
1747.18	1000	1168	
1747.19	1000	1168	
1747.2	1000	1168	
1747.21	1000	1147	
1747.22	1000	1147	
1747.23	1000	1147	
1747.24	1000	1147	
1747.25	1000	1147	
1747.26	1000	1133	
1747.27	1000	1133	
1747.28	1000	1133	
1747.29	1000	1133	
1747.3	1000	1133	
1747.31	1000	1105	
1747.32	1000	1105	
1747.33	1000	1105	
1747.3400000000001	1000	1105	
1747.3500000000001	1000	1105	
1747.3600000000001	1000	1103	
1747.3700000000001	1000	1103	
1747.38	1000	1103	
1747.39	1000	1103	
1747.4	1000	1103	
1747.41	1000	1093	
1747.42	1000	1093	
1747.43	1000	1093	
1747.44	1000	1093	
1747.45	1000	1093	
1747.46	1000	1072	
1747.47	1000	1072	
1747.48	1000	1072	
1747.49	1000	1072	
1747.5	1000	1072	
1747.51	1000	1070	
1747.52	1000	1070	
1747.53	1000	1070	
1747.54	1000	1070	
1747.55	1000	1070	
1747.56	1000	1056	
1747.57	1000	1056	
1747.58	1000	1056	
1747.5900000000001	1000	1056	
1747.6000000000001	1000	1056	
1747.6100000000001	1000	1041	
1747.6200000000001	1000	1041	
1747.63	1000	1041	
1747.64	1000	1041	
1747.65	1000	1041	
1747.66	1000	1043	
1747.67	1000	1043	
1747.68	1000	1043	
1747.69	1000	1043	
1747.7	1000	1043	
1747.71	1000	1032	
1747.72	1000	1032	
1747.73	1000	1032	
1747.74	1000	1032	
1747.75	1000	1032	
1747.76	1000	1015	
1747.77	1000	1015	
1747.78	1000	1015	
1747.79	1000	1015	
1747.8	1000	1015	
1747.81	1000	1010	
1747.82	1000	1010	
1747.83	1000	1010	
1747.8400000000001	1000	1010	
1747.8500000000001	1000	1010	
1747.8600000000001	1000	1010	
1747.8700000000001	1000	1011	
1747.88	1000	1011	
1747.89	1000	1011	
1747.9	1000	1011	
1747.91	1000	1011	
1747.92	1000	1009	
1747.93	1000	1009	
1747.94	1000	1009	
1747.95	1000	1009	
1747.96	1000	993	
1747.97	1000	993	
1747.98	1000	993	
1747.99	1000	993	
1748	1000	993	
1748.01	1000	987	
1748.02	1000	987	
1748.03	1000	987	
1748.04	1000	987	
1748.05	1000	987	
1748.06	1000	989	
1748.07	1000	989	
1748.08	1000	989	
1748.0900000000001	1000	989	
1748.1000000000001	1000	989	
1748.1100000000001	1000	987	
1748.1200000000001	1000	987	
1748.13	1000	987	
1748.14	1000	987	
1748.15	1000	987	
1748.16	1000	987	
1748.17	1000	974	
1748.18	1000	974	
1748.19	1000	974	
1748.2	1000	974	
1748.21	1000	972	
1748.22	1000	972	
1748.23	1000	972	
1748.24	1000	972	
1748.25	1000	972	
1748.26	1000	969	
1748.27	1000	969	
1748.28	1000	969	
1748.29	1000	969	
1748.3	1000	969	
1748.31	1000	973	
1748.32	1000	973	
1748.33	1000	973	
1748.3400000000001	1000	973	
1748.3500000000001	1000	973	
1748.3600000000001	1000	964	
1748.3700000000001	1000	964	
1748.38	1000	964	
1748.39	1000	964	
1748.4	1000	964	
1748.41	1000	964	
1748.42	1000	962	
1748.43	1000	962	
1748.44	1000	962	
1748.45	1000	962	
1748.46	1000	959	
1748.47	1000	959	
1748.48	1000	959	
1748.49	1000	959	
1748.5	1000	959	
1748.51	1000	959	
1748.52	1000	961	
1748.53	1000	961	
1748.54	1000	961	
1748.55	1000	961	
1748.56	1000	960	
1748.57	1000	960	
1748.58	1000	960	
1748.5900000000001	1000	960	
1748.6000000000001	1000	960	
1748.6100000000001	1000	959	
1748.6200000000001	1000	959	
1748.63	1000	959	
1748.64	1000	959	
1748.65	1000	959	
1748.66	1000	950	
1748.67	1000	950	
1748.68	1000	950	
1748.69	1000	950	
1748.7	1000	950	
1748.71	1000	950	
1748.72	1000	949	
1748.73	1000	949	
1748.74	1000	949	
1748.75	1000	949	
1748.76	1000	950	
1748.77	1000	950	
1748.78	1000	950	
1748.79	2900	950	
1748.8	2900	950	
1748.81	2900	955	
1748.82	2900	955	
1748.83	2900	955	
1748.8400000000001	2900	955	
1748.8500000000001	2900	955	
1748.8600000000001	2900	951	
1748.8700000000001	2900	951	
1748.88	2900	951	
1748.89	2900	951	
1748.9	2900	951	
1748.91	2900	947	
1748.92	2900	947	
1748.93	2900	947	
1748.94	2900	947	
1748.95	2900	947	
1748.96	2900	949	
1748.97	2900	949	
1748.98	2900	949	
1748.99	2900	949	
1749	2900	949	
1749.01	2900	950	
1749.02	2900	950	
1749.03	2900	950	
1749.04	2900	950	
1749.05	2900	950	
1749.06	2900	973	
1749.07	2900	973	
1749.08	2900	973	
1749.0900000000001	2900	973	
1749.1000000000001	2900	973	
1749.1100000000001	2900	987	
1749.1200000000001	2900	987	
1749.13	2900	987	
1749.14	2900	987	
1749.15	2900	987	
1749.16	2900	987	
1749.17	2900	987	
1749.18	2900	1013	
1749.19	2900	1013	
1749.2	2900	1013	
1749.21	2900	1013	
1749.22	2900	1013	
1749.23	2900	1026	
1749.24	2900	1026	
1749.25	2900	1026	
1749.26	2900	1026	
1749.27	2900	1026	
1749.28	2900	1056	
1749.29	2900	1056	
1749.3	2900	1056	
1749.31	2900	1056	
1749.32	2900	1056	
1749.33	2900	1056	
1749.3400000000001	2900	1080	
1749.3500000000001	2900	1080	
1749.3600000000001	2900	1080	
1749.3700000000001	2900	1098	
1749.38	2900	1098	
1749.39	2900	1098	
1749.4	2900	1098	
1749.41	2900	1098	
1749.42	2900	1149	
1749.43	2900	1149	
1749.44	2900	1149	
1749.45	2900	1149	
1749.46	2900	1174	
1749.47	2900	1174	
1749.48	2900	1174	
1749.49	2900	1174	
1749.5	2900	1174	
1749.51	2900	1220	
1749.52	2900	1220	
1749.53	2900	1220	
1749.54	2900	1220	
1749.55	2900	1220	
1749.56	2900	1250	
1749.57	2900	1250	
1749.58	2900	1250	
1749.5900000000001	2900	1250	
1749.6000000000001	2900	1250	
1749.6100000000001	2900	1294	
1749.6200000000001	2900	1294	
1749.63	2900	1294	
1749.64	2900	1294	
1749.65	2900	1294	
1749.66	2900	1352	
1749.67	2900	1352	
1749.68	2900	1352	
1749.69	2900	1352	
1749.7	2900	1352	
1749.71	2900	1379	
1749.72	2900	1379	
1749.73	2900	1379	
1749.74	2900	1379	
1749.75	2900	1379	
1749.76	2900	1379	
1749.77	2900	1379	
1749.78	2900	1425	
1749.79	2900	1425	
1749.8	2900	1425	
1749.81	2900	1425	
1749.82	2900	1425	
1749.83	2900	1425	
1749.8400000000001	2900	1468	
1749.8500000000001	2900	1468	
1749.8600000000001	2900	1468	
1749.8700000000001	2900	1468	
1749.88	2900	1468	
1749.89	2900	1521	
1749.9	2900	1521	
1749.91	2900	1569	
1749.92	2900	1569	
1749.93	2900	1569	
1749.94	2900	1569	
1749.95	2900	1569	
1749.96	2900	1569	
1749.97	2900	1609	
1749.98	2900	1609	
1749.99	2900	1609	
1750	2900	1609	
1750.01	2900	1609	
1750.02	2900	1671	
1750.03	2900	1671	
1750.04	2900	1671	
1750.05	2900	1671	
1750.06	2900	1708	
1750.07	2900	1708	
1750.08	2900	1708	
1750.0900000000001	2900	1708	
1750.1000000000001	2900	1708	
1750.1100000000001	2900	1765	
1750.1200000000001	2900	1765	
1750.13	2900	1765	
1750.14	2900	1765	
1750.15	2900	1765	
1750.16	2900	1797	
1750.17	2900	1797	
1750.18	2900	1797	
1750.19	2900	1797	
1750.2	2900	1797	
1750.21	2900	1863	
1750.22	2900	1863	
1750.23	2900	1863	
1750.24	2900	1863	
1750.25	2900	1863	
1750.26	2900	1863	
1750.27	2900	1898	
1750.28	2900	1898	
1750.29	2900	1898	
1750.3	2900	1898	
1750.31	2900	1973	
1750.32	2900	1973	
1750.33	2900	1973	
1750.3400000000001	2900	1973	
1750.3500000000001	2900	1973	
1750.3600000000001	2900	1973	
1750.3700000000001	2900	1997	
1750.38	2900	1997	
1750.39	2900	1997	
1750.4	2900	1997	
1750.41	2900	1997	
1750.42	2900	2076	
1750.43	2900	2076	
1750.44	2900	2076	
1750.45	2900	2076	
1750.46	2900	2099	
1750.47	2900	2099	
1750.48	2900	2099	
1750.49	2900	2099	
1750.5	2900	2099	
1750.51	2900	2165	
1750.52	2900	2165	
1750.53	2900	2165	
1750.54	2900	2165	
1750.55	2900	2165	
1750.56	2900	2165	
1750.57	2900	2213	
1750.58	2900	2213	
1750.5900000000001	2900	2213	
1750.6000000000001	2900	2213	
1750.6100000000001	2900	2274	
1750.6200000000001	2900	2274	
1750.63	2900	2274	
1750.64	2900	2274	
1750.65	2900	2274	
1750.66	2900	2302	
1750.67	2900	2302	
1750.68	2900	2302	
1750.69	2900	2302	
1750.7	2900	2302	
1750.71	2900	2302	
1750.72	2900	2348	
1750.73	2900	2348	
1750.74	2900	2348	
1750.75	2900	2348	
1750.76	2900	2348	
1750.77	2900	2391	
1750.78	2900	2391	
1750.79	2900	2391	
1750.8	2900	2391	
1750.81	2900	2440	
1750.82	2900	2440	
1750.83	2900	2440	
1750.8400000000001	2900	2440	
1750.8500000000001	2900	2440	
1750.8600000000001	2900	2467	
1750.8700000000001	2900	2467	
1750.88	2900	2467	
1750.89	2900	2467	
1750.9	2900	2467	
1750.91	2900	2467	
1750.92	2900	2500	
1750.93	2900	2500	
1750.94	2900	2500	
1750.95	2900	2500	
1750.96	2900	2539	
1750.97	2900	2539	
1750.98	2900	2539	
1750.99	2900	2539	
1751	2900	2539	
1751.01	2900	2579	
1751.02	2900	2579	
1751.03	2900	2579	
1751.04	2900	2579	
1751.05	2900	2579	
1751.06	2900	2579	
1751.07	2900	2579	
1751.08	2900	2579	
1751.0900000000001	2900	2579	
1751.1000000000001	2900	2579	
1751.1100000000001	2900	2579	
1751.1200000000001	2900	2589	
1751.13	2900	2589	
1751.14	2900	2589	
1751.15	2900	2589	
1751.16	2900	2620	
1751.17	2900	2620	
1751.18	2900	2620	
1751.19	2900	2620	
1751.2	2900	2620	
1751.21	2900	2647	
1751.22	2900	2647	
1751.23	2900	2647	
1751.24	2900	2647	
1751.25	2900	2647	
1751.26	2900	2636	
1751.27	2900	2636	
1751.28	2900	2636	
1751.29	2900	2636	
1751.3	2900	2636	
1751.31	2900	2679	
1751.32	2900	2679	
1751.33	2900	2679	
1751.3400000000001	2900	2679	
1751.3500000000001	2900	2679	
1751.3600000000001	2900	2674	
1751.3700000000001	2900	2674	
1751.38	2900	2674	
1751.39	2900	2674	
1751.4	2900	2674	
1751.41	2900	2674	
1751.42	2900	2674	
1751.43	2900	2679	
1751.44	2900	2679	
1751.45	2900	2679	
1751.46	2900	2679	
1751.47	2900	2696	
1751.48	2900	2696	
1751.49	2900	2696	
1751.5	2900	2696	
1751.51	2900	2696	
1751.52	2900	2696	
1751.53	2900	2701	
1751.54	2900	2701	
1751.55	2900	2701	
1751.56	2900	2701	
1751.57	2900	2701	
1751.58	2900	2707	
1751.5900000000001	2900	2707	
1751.6000000000001	2900	2707	
1751.6100000000001	2900	2735	
1751.6200000000001	2900	2735	
1751.63	2900	2735	
1751.64	2900	2735	
1751.65	2900	2735	
1751.66	2900	2718	
1751.67	2900	2718	
1751.68	2900	2718	
1751.69	2900	2718	
1751.7	2900	2718	
1751.71	2900	2718	
1751.72	2900	2735	
1751.73	2900	2735	
1751.74	2900	2735	
1751.75	2900	2735	
1751.76	2900	2735	
1751.77	2900	2729	
1751.78	2900	2729	
1751.79	2900	2729	
1751.8	2900	2729	
1751.81	2900	2735	
1751.82	2900	2735	
1751.83	2900	2735	
1751.8400000000001	2900	2735	
1751.8500000000001	2900	2735	
1751.8600000000001	2900	2764	
1751.8700000000001	2900	2764	
1751.88	2900	2764	
1751.89	2900	2764	
1751.9	2900	2764	
1751.91	2900	2764	
1751.92	2900	2735	
1751.93	2900	2735	
1751.94	2900	2735	
1751.95	2900	2735	
1751.96	2900	2746	
1751.97	2900	2746	
1751.98	2900	2746	
1751.99	2900	2746	
1752	2900	2746	
1752.01	2900	2752	
1752.02	2900	2752	
1752.03	2900	2752	
1752.04	2900	2752	
1752.05	2900	2752	
1752.06	2900	2781	
1752.07	2900	2781	
1752.08	2900	2781	
1752.0900000000001	2900	2781	
1752.1000000000001	2900	2781	
1752.1100000000001	2900	2735	
1752.1200000000001	2900	2735	
1752.13	2900	2735	
1752.14	2900	2735	
1752.15	2900	2735	
1752.16	2900	2735	
1752.17	2900	2770	
1752.18	2900	2770	
1752.19	2900	2770	
1752.2	2900	2770	
1752.21	2900	2770	
1752.22	2900	2764	
1752.23	2900	2764	
1752.24	2900	2764	
1752.25	2900	2764	
1752.26	2900	2764	
1752.27	2900	2776	
1752.28	2900	2776	
1752.29	2900	2776	
1752.3	2900	2776	
1752.31	2900	2781	
1752.32	2900	2781	
1752.33	2900	2781	
1752.3400000000001	2900	2781	
1752.3500000000001	2900	2781	
1752.3600000000001	2900	2764	
1752.3700000000001	2900	2764	
1752.38	2900	2764	
1752.39	2900	2764	
1752.4	2900	2764	
1752.41	2900	2764	
1752.42	2900	2811	
1752.43	2900	2811	
1752.44	2900	2811	
1752.45	2900	2811	
1752.46	2900	2781	
1752.47	2900	2781	
1752.48	2900	2781	
1752.49	1000	2781	
1752.5	1000	2781	
1752.51	1000	2781	
1752.52	1000	2781	
1752.53	1000	2781	
1752.54	1000	2781	
1752.55	1000	2781	
1752.56	1000	2781	
1752.57	1000	2781	
1752.58	1000	2781	
1752.5900000000001	1000	2781	
1752.6000000000001	1000	2781	
1752.6100000000001	1000	2811	
1752.6200000000001	1000	2811	
1752.63	1000	2811	
1752.64	1000	2811	
1752.65	1000	2811	
1752.66	1000	2781	
1752.67	1000	2781	
1752.68	1000	2781	
1752.69	1000	2781	
1752.7	1000	2781	
1752.71	1000	2781	
1752.72	1000	2781	
1752.73	1000	2781	
1752.74	1000	2781	
1752.75	1000	2781	
1752.76	1000	2781	
1752.77	1000	2764	
1752.78	1000	2764	
1752.79	1000	2764	
1752.8	1000	2764	
1752.81	1000	2764	
1752.82	1000	2764	
1752.83	1000	2764	
1752.8400000000001	1000	2764	
1752.8500000000001	1000	2764	
1752.8600000000001	1000	2764	
1752.8700000000001	1000	2746	
1752.88	1000	2746	
1752.89	1000	2746	
1752.9	1000	2746	
1752.91	1000	2746	
1752.92	1000	2718	
1752.93	1000	2718	
1752.94	1000	2718	
1752.95	1000	2718	
1752.96	1000	2701	
1752.97	1000	2701	
1752.98	1000	2701	
1752.99	1000	2701	
1753	1000	2701	
1753.01	1000	2663	
1753.02	1000	2663	
1753.03	1000	2663	
1753.04	1000	2663	
1753.05	1000	2663	
1753.06	1000	2663	
1753.07	1000	2647	
1753.08	1000	2647	
1753.0900000000001	1000	2647	
1753.1000000000001	1000	2647	
1753.1100000000001	1000	2647	
1753.1200000000001	1000	2604	
1753.13	1000	2604	
1753.14	1000	2604	
1753.15	1000	2604	
1753.16	1000	2604	
1753.17	1000	2579	
1753.18	1000	2579	
1753.19	1000	2579	
1753.2	1000	2579	
1753.21	1000	2579	
1753.22	1000	2549	
1753.23	1000	2549	
1753.24	1000	2549	
1753.25	1000	2549	
1753.26	1000	2539	
1753.27	1000	2539	
1753.28	1000	2539	
1753.29	1000	2539	
1753.3	1000	2539	
1753.31	1000	2486	
1753.32	1000	2486	
1753.33	1000	2486	
1753.3400000000001	1000	2486	
1753.3500000000001	1000	2486	
1753.3600000000001	1000	2486	
1753.3700000000001	1000	2440	
1753.38	1000	2440	
1753.39	1000	2440	
1753.4	1000	2440	
1753.41	1000	2440	
1753.42	1000	2426	
1753.43	1000	2426	
1753.44	1000	2426	
1753.45	1000	2426	
1753.46	1000	2417	
1753.47	1000	2417	
1753.48	1000	2417	
1753.49	1000	2417	
1753.5	1000	2417	
1753.51	1000	2335	
1753.52	1000	2335	
1753.53	1000	2335	
1753.54	1000	2335	
1753.55	1000	2335	
1753.56	1000	2306	
1753.57	1000	2306	
1753.58	1000	2306	
1753.5900000000001	1000	2306	
1753.6000000000001	1000	2306	
1753.6100000000001	1000	2239	
1753.6200000000001	1000	2239	
1753.63	1000	2239	
1753.64	1000	2239	
1753.65	1000	2239	
1753.66	1000	2202	
1753.67	1000	2202	
1753.68	1000	2202	
1753.69	1000	2202	
1753.7	1000	2202	
1753.71	1000	2183	
1753.72	1000	2183	
1753.73	1000	2183	
1753.74	1000	2183	
1753.75	1000	2183	
1753.76	1000	2183	
1753.77	1000	2127	
1753.78	1000	2127	
1753.79	1000	2127	
1753.8	1000	2127	
1753.81	1000	2083	
1753.82	1000	2083	
1753.83	1000	2083	
1753.8400000000001	1000	2083	
1753.8500000000001	1000	2083	
1753.8600000000001	1000	2037	
1753.8700000000001	1000	2037	
1753.88	1000	2037	
1753.89	1000	2037	
1753.9	1000	2037	
1753.91	1000	1991	
1753.92	1000	1991	
1753.93	1000	1991	
1753.94	1000	1991	
1753.95	1000	1991	
1753.96	1000	1952	
1753.97	1000	1952	
1753.98	1000	1952	
1753.99	1000	1952	
1754	1000	1952	
1754.01	1000	1877	
1754.02	1000	1877	
1754.03	1000	1877	
1754.04	1000	1877	
1754.05	1000	1877	
1754.06	1000	1850	
1754.07	1000	1850	
1754.08	1000	1850	
1754.0900000000001	1000	1850	
1754.1000000000001	1000	1850	
1754.1100000000001	1000	1817	
1754.1200000000001	1000	1817	
1754.13	1000	1817	
1754.14	1000	1817	
1754.15	1000	1817	
1754.16	1000	1817	
1754.17	1000	1763	
1754.18	1000	1763	
1754.19	1000	1763	
1754.2	1000	1763	
1754.21	1000	1763	
1754.22	1000	1708	
1754.23	1000	1708	
1754.24	1000	1708	
1754.25	1000	1708	
1754.26	1000	1708	
1754.27	1000	1637	
1754.28	1000	1637	
1754.29	1000	1637	
1754.3	1000	1637	
1754.31	1000	1595	
1754.32	1000	1595	
1754.33	1000	1595	
1754.3400000000001	1000	1595	
1754.3500000000001	1000	1595	
1754.3600000000001	1000	1548	
1754.3700000000001	1000	1548	
1754.38	1000	1548	
1754.39	1000	1548	
1754.4	1000	1548	
1754.41	1000	1548	
1754.42	1000	1494	
1754.43	1000	1494	
1754.44	1000	1494	
1754.45	1000	1494	
1754.46	1000	1472	
1754.47	1000	1472	
1754.48	1000	1472	
1754.49	1000	1472	
1754.5	1000	1472	
1754.51	1000	1422	
1754.52	1000	1422	
1754.53	1000	1422	
1754.54	1000	1422	
1754.55	1000	1422	
1754.56	1000	1422	
1754.57	1000	1386	
1754.58	1000	1386	
1754.5900000000001	1000	1386	
1754.6000000000001	1000	1386	
1754.6100000000001	1000	1338	
1754.6200000000001	1000	1338	
1754.63	1000	1338	
1754.64	1000	1338	
1754.65	1000	1338	
1754.66	1000	1319	
1754.67	1000	1319	
1754.68	1000	1319	
1754.69	1000	1319	
1754.7	1000	1319	
1754.71	1000	1285	
1754.72	1000	1285	
1754.73	1000	1285	
1754.74	1000	1285	
1754.75	1000	1285	
1754.76	1000	1265	
1754.77	1000	1265	
1754.78	1000	1265	
1754.79	1000	1265	
1754.8	1000	1265	
1754.81	1000	1229	
1754.82	1000	1229	
1754.83	1000	1229	
1754.8400000000001	1000	1229	
1754.8500000000001	1000	1229	
1754.8600000000001	1000	1205	
1754.8700000000001	1000	1205	
1754.88	1000	1205	
1754.89	1000	1205	
1754.9	1000	1205	
1754.91	1000	1205	
1754.92	1000	1182	
1754.93	1000	1182	
1754.94	1000	1182	
1754.95	1000	1182	
1754.96	1000	1170	
1754.97	1000	1170	
1754.98	1000	1170	
1754.99	1000	1170	
1755	1000	1170	
1755.01	1000	1170	
1755.02	1000	1143	
1755.03	1000	1143	
1755.04	1000	1143	
1755.05	1000	1143	
1755.06	1000	1143	
1755.07	1000	1138	
1755.08	1000	1138	
1755.0900000000001	1000	1138	
1755.1000000000001	1000	1138	
1755.1100000000001	1000	1108	
1755.1200000000001	1000	1108	
1755.13	1000	1108	
1755.14	1000	1108	
1755.15	1000	1108	
1755.16	1000	1103	
1755.17	1000	1103	
1755.18	1000	1103	
1755.19	1000	1103	
1755.2	1000	1103	
1755.21	1000	1089	
1755.22	1000	1089	
1755.23	1000	1089	
1755.24	1000	1089	
1755.25	1000	1089	
1755.26	1000	1089	
1755.27	1000	1079	
1755.28	1000	1079	
1755.29	1000	1079	
1755.3	1000	1079	
1755.31	1000	1079	
1755.32	1000	1066	
1755.33	1000	1066	
1755.3400000000001	1000	1066	
1755.3500000000001	1000	1066	
1755.3600000000001	1000	1066	
1755.3700000000001	1000	1060	
1755.38	1000	1060	
1755.39	1000	1060	
1755.4	1000	1060	
1755.41	1000	1060	
1755.42	1000	1045	
1755.43	1000	1045	
1755.44	1000	1045	
1755.45	1000	1045	
1755.46	1000	1041	
1755.47	1000	1041	
1755.48	1000	1041	
1755.49	1000	1041	
1755.5	1000	1041	
1755.51	1000	1041	
1755.52	1000	1032	
1755.53	1000	1032	
1755.54	1000	1032	
1755.55	1000	1032	
1755.56	1000	1015	
1755.57	1000	1015	
1755.58	1000	1015	
1755.5900000000001	1000	1015	
1755.6000000000001	1000	1015	
1755.6100000000001	1000	1009	
1755.6200000000001	1000	1009	
1755.63	1000	1009	
1755.64	1000	1009	
1755.65	1000	1009	
1755.66	1000	1007	
1755.67	1000	1007	
1755.68	1000	1007	
1755.69	1000	1007	
1755.7	1000	1007	
1755.71	1000	1007	
1755.72	1000	1011	
1755.73	1000	1011	
1755.74	1000	1011	
1755.75	1000	1011	
1755.76	1000	1011	
1755.77	1000	995	
1755.78	1000	995	
1755.79	1000	995	
1755.8	1000	995	
1755.81	1000	991	
1755.82	1000	991	
1755.83	1000	991	
1755.8400000000001	1000	991	
1755.8500000000001	1000	991	
1755.8600000000001	1000	993	
1755.8700000000001	1000	993	
1755.88	2900	993	
1755.89	2900	993	
1755.9	2900	993	
1755.91	2900	987	
1755.92	2900	987	
1755.93	2900	987	
1755.94	2900	987	
1755.95	2900	987	
1755.96	2900	978	
1755.97	2900	978	
1755.98	2900	978	
1755.99	2900	978	
1756	2900	978	
1756.01	2900	980	
1756.02	2900	980	
1756.03	2900	980	
1756.04	2900	980	
1756.05	2900	980	
1756.06	2900	991	
1756.07	2900	991	
1756.08	2900	991	
1756.0900000000001	2900	991	
1756.1000000000001	2900	991	
1756.1100000000001	2900	991	
1756.1200000000001	2900	999	
1756.13	2900	999	
1756.14	2900	999	
1756.15	2900	999	
1756.16	2900	1004	
1756.17	2900	1004	
1756.18	2900	1004	
1756.19	2900	1004	
1756.2	2900	1004	
1756.21	2900	1024	
1756.22	2900	1024	
1756.23	2900	1024	
1756.24	2900	1024	
1756.25	2900	1024	
1756.26	2900	1051	
1756.27	2900	1051	
1756.28	2900	1051	
1756.29	2900	1051	
1756.3	2900	1051	
1756.31	2900	1073	
1756.32	2900	1073	
1756.33	2900	1073	
1756.3400000000001	2900	1073	
1756.3500000000001	2900	1073	
1756.3600000000001	2900	1073	
1756.3700000000001	2900	1093	
1756.38	2900	1093	
1756.39	2900	1093	
1756.4	2900	1093	
1756.41	2900	1128	
1756.42	2900	1128	
1756.43	2900	1128	
1756.44	2900	1128	
1756.45	2900	1128	
1756.46	2900	1156	
1756.47	2900	1156	
1756.48	2900	1156	
1756.49	2900	1156	
1756.5	2900	1208	
1756.51	2900	1208	
1756.52	2900	1208	
1756.53	2900	1208	
1756.54	2900	1208	
1756.55	2900	1208	
1756.56	2900	1238	
1756.57	2900	1238	
1756.58	2900	1238	
1756.5900000000001	2900	1238	
1756.6000000000001	2900	1238	
1756.6100000000001	2900	1277	
1756.6200000000001	2900	1277	
1756.63	2900	1277	
1756.64	2900	1277	
1756.65	2900	1277	
1756.66	2900	1277	
1756.67	2900	1302	
1756.68	2900	1302	
1756.69	2900	1302	
1756.7	2900	1302	
1756.71	2900	1302	
1756.72	2900	1352	
1756.73	2900	1352	
1756.74	2900	1352	
1756.75	2900	1352	
1756.76	2900	1389	
1756.77	2900	1389	
1756.78	2900	1389	
1756.79	2900	1389	
1756.8	2900	1389	
1756.81	2900	1449	
1756.82	2900	1449	
1756.83	2900	1449	
1756.8400000000001	2900	1449	
1756.8500000000001	2900	1449	
1756.8600000000001	2900	1449	
1756.8700000000001	2900	1495	
1756.88	2900	1495	
1756.89	2900	1495	
1756.9	2900	1495	
1756.91	2900	1495	
1756.92	2900	1516	
1756.93	2900	1516	
1756.94	2900	1516	
1756.95	2900	1516	
1756.96	2900	1574	
1756.97	2900	1574	
1756.98	2900	1574	
1756.99	2900	1574	
1757	2900	1574	
1757.01	2900	1615	
1757.02	2900	1615	
1757.03	2900	1615	
1757.04	2900	1615	
1757.05	2900	1615	
1757.06	2900	1658	
1757.07	2900	1658	
1757.08	2900	1658	
1757.0900000000001	2900	1658	
1757.1000000000001	2900	1658	
1757.1100000000001	2900	1733	
1757.1200000000001	2900	1733	
1757.13	2900	1733	
1757.14	2900	1733	
1757.15	2900	1733	
1757.16	2900	1733	
1757.17	2900	1785	
1757.18	2900	1785	
1757.19	2900	1785	
1757.2	2900	1785	
1757.21	2900	1817	
1757.22	2900	1817	
1757.23	2900	1817	
1757.24	2900	1817	
1757.25	2900	1817	
1757.26	2900	1858	
1757.27	2900	1858	
1757.28	2900	1858	
1757.29	2900	1858	
1757.3	2900	1858	
1757.31	2900	1858	
1757.32	2900	1912	
1757.33	2900	1912	
1757.3400000000001	2900	1912	
1757.3500000000001	2900	1912	
1757.3600000000001	2900	1961	
1757.3700000000001	2900	1961	
1757.38	2900	1961	
1757.39	2900	1961	
1757.4	2900	1961	
1757.41	2900	1961	
1757.42	2900	2025	
1757.43	2900	2025	
1757.44	2900	2025	
1757.45	2900	2025	
1757.46	2900	2083	
1757.47	2900	2083	
1757.48	2900	2083	
1757.49	2900	2083	
1757.5	2900	2083	
1757.51	2900	2127	
1757.52	2900	2127	
1757.53	2900	2127	
1757.54	2900	2127	
1757.55	2900	2127	
1757.56	2900	2176	
1757.57	2900	2176	
1757.58	2900	2176	
1757.5900000000001	2900	2176	
1757.6000000000001	2900	2176	
1757.6100000000001	2900	2213	
1757.6200000000001	2900	2213	
1757.63	2900	2213	
1757.64	2900	2213	
1757.65	2900	2213	
1757.66	2900	2270	
1757.67	2900	2270	
1757.68	2900	2270	
1757.69	2900	2270	
1757.7	2900	2270	
1757.71	2900	2314	
1757.72	2900	2314	
1757.73	2900	2314	
1757.74	2900	2314	
1757.75	2900	2314	
1757.76	2900	2373	
1757.77	2900	2373	
1757.78	2900	2373	
1757.79	2900	2373	
1757.8	2900	2373	
1757.81	2900	2391	
1757.82	2900	2391	
1757.83	2900	2391	
1757.8400000000001	2900	2391	
1757.8500000000001	2900	2391	
1757.8600000000001	2900	2453	
1757.8700000000001	2900	2453	
1757.88	2900	2453	
1757.89	2900	2453	
1757.9	2900	2453	
1757.91	2900	2449	
1757.92	2900	2449	
1757.93	2900	2449	
1757.94	2900	2449	
1757.95	2900	2449	
1757.96	2900	2500	
1757.97	2900	2500	
1757.98	2900	2500	
1757.99	2900	2500	
1758	2900	2500	
1758.01	2900	2514	
1758.02	2900	2514	
1758.03	2900	2514	
1758.04	2900	2514	
1758.05	2900	2514	
1758.06	2900	2549	
1758.07	2900	2549	
1758.08	2900	2549	
1758.0900000000001	2900	2549	
1758.1000000000001	2900	2549	
1758.1100000000001	2900	2579	
1758.1200000000001	2900	2579	
1758.13	2900	2579	
1758.14	2900	2579	
1758.15	2900	2579	
1758.16	2900	2589	
1758.17	2900	2589	
1758.18	2900	2589	
1758.19	2900	2589	
1758.2	2900	2589	
1758.21	2900	2604	
1758.22	2900	2604	
1758.23	2900	2604	
1758.24	2900	2604	
1758.25	2900	2604	
1758.26	2900	2604	
1758.27	2900	2647	
1758.28	2900	2647	
1758.29	2900	2647	
1758.3	2900	2647	
1758.31	2900	2631	
1758.32	2900	2631	
1758.33	2900	2631	
1758.3400000000001	2900	2631	
1758.3500000000001	2900	2631	
1758.3600000000001	2900	2631	
1758.3700000000001	2900	2663	
1758.38	2900	2663	
1758.39	2900	2663	
1758.4	2900	2663	
1758.41	2900	2663	
1758.42	2900	2679	
1758.43	2900	2679	
1758.44	2900	2679	
1758.45	2900	2679	
1758.46	2900	2679	
1758.47	2900	2707	
1758.48	2900	2707	
1758.49	2900	2707	
1758.5	2900	2707	
1758.51	2900	2690	
1758.52	2900	2690	
1758.53	2900	2690	
1758.54	2900	2690	
1758.55	2900	2690	
1758.56	2900	2690	
1758.57	2900	2718	
1758.58	2900	2718	
1758.5900000000001	2900	2718	
1758.6000000000001	2900	2718	
1758.6100000000001	2900	2724	
1758.6200000000001	2900	2724	
1758.63	2900	2724	
1758.64	2900	2724	
1758.65	2900	2724	
1758.66	2900	2729	
1758.67	2900	2729	
1758.68	2900	2729	
1758.69	2900	2729	
1758.7	2900	2729	
1758.71	2900	2729	
1758.72	2900	2735	
1758.73	2900	2735	
1758.74	2900	2735	
1758.75	2900	2735	
1758.76	2900	2724	
1758.77	2900	2724	
1758.78	2900	2724	
1758.79	2900	2724	
1758.8	2900	2724	
1758.81	2900	2764	
1758.82	2900	2764	
1758.83	2900	2764	
1758.8400000000001	2900	2764	
1758.8500000000001	2900	2764	
1758.8600000000001	2900	2752	
1758.8700000000001	2900	2752	
1758.88	2900	2752	
1758.89	2900	2752	
1758.9	2900	2752	
1758.91	2900	2752	
1758.92	2900	2752	
1758.93	2900	2752	
1758.94	2900	2752	
1758.95	2900	2752	
1758.96	2900	2752	
1758.97	2900	2752	
1758.98	2900	2752	
1758.99	2900	2752	
1759	2900	2752	
1759.01	2900	2752	
1759.02	2900	2746	
1759.03	2900	2746	
1759.04	1000	2746	
1759.05	1000	2746	
1759.06	1000	2746	
1759.07	1000	2776	
1759.08	1000	2776	
1759.0900000000001	1000	2776	
1759.1000000000001	1000	2776	
1759.1100000000001	1000	2764	
1759.1200000000001	1000	2764	
1759.13	1000	2764	
1759.14	1000	2764	
1759.15	1000	2764	
1759.16	1000	2781	
1759.17	1000	2781	
1759.18	1000	2781	
1759.19	1000	2781	
1759.2	1000	2781	
1759.21	1000	2781	
1759.22	1000	2781	
1759.23	1000	2781	
1759.24	1000	2781	
1759.25	1000	2781	
1759.26	1000	2764	
1759.27	1000	2764	
1759.28	1000	2764	
1759.29	1000	2764	
1759.3	1000	2764	
1759.31	1000	2764	
1759.32	1000	2764	
1759.33	1000	2764	
1759.3400000000001	1000	2764	
1759.3500000000001	1000	2764	
1759.3600000000001	1000	2735	
1759.3700000000001	1000	2735	
1759.38	1000	2735	
1759.39	1000	2735	
1759.4	1000	2735	
1759.41	1000	2735	
1759.42	1000	2718	
1759.43	1000	2718	
1759.44	1000	2718	
1759.45	1000	2718	
1759.46	1000	2718	
1759.47	1000	2701	
1759.48	1000	2701	
1759.49	1000	2701	
1759.5	1000	2701	
1759.51	1000	2690	
1759.52	1000	2690	
1759.53	1000	2690	
1759.54	1000	2690	
1759.55	1000	2690	
1759.56	1000	2647	
1759.57	1000	2647	
1759.58	1000	2647	
1759.5900000000001	1000	2647	
1759.6000000000001	1000	2647	
1759.6100000000001	1000	2663	
1759.6200000000001	1000	2663	
1759.63	1000	2663	
1759.64	1000	2663	
1759.65	1000	2663	
1759.66	1000	2663	
1759.67	1000	2604	
1759.68	1000	2604	
1759.69	1000	2604	
1759.7	1000	2604	
1759.71	1000	2604	
1759.72	1000	2579	
1759.73	1000	2579	
1759.74	1000	2579	
1759.75	1000	2579	
1759.76	1000	2554	
1759.77	1000	2554	
1759.78	1000	2554	
1759.79	1000	2554	
1759.8	1000	2554	
1759.81	1000	2514	
1759.82	1000	2514	
1759.83	1000	2514	
1759.8400000000001	1000	2514	
1759.8500000000001	1000	2514	
1759.8600000000001	1000	2486	
1759.8700000000001	1000	2486	
1759.88	1000	2486	
1759.89	1000	2486	
1759.9	1000	2486	
1759.91	1000	2486	
1759.92	1000	2462	
1759.93	1000	2462	
1759.94	1000	2462	
1759.95	1000	2462	
1759.96	1000	2462	
1759.97	1000	2417	
1759.98	1000	2417	
1759.99	1000	2417	
1760	1000	2417	
1760.01	1000	2417	
1760.02	1000	2369	
1760.03	1000	2369	
1760.04	1000	2369	
1760.05	1000	2369	
1760.06	1000	2335	
1760.07	1000	2335	
